fit_time,fit_time_std,score_time,score_time_std,test_accuracy,test_accuracy_std,train_accuracy,train_accuracy_std,model_name,num_desired_features,num_selected_features,selection_algorithm,valuation_method,include_lowest,CPU_time,Wall_time,dataset_name
0.0021,0.0001,0.0036,0.0001,23.330000000000002,3.73,23.330000000000002,0.9299999999999999,KNeighbors,2,2,KGroups_max,Fvalue,False,0:03:08.664342,0:03:10.211159,nci9
0.0025,0.0001,0.0018,0.0,23.330000000000002,3.73,25.419999999999998,0.9299999999999999,LinearSVC,2,2,KGroups_max,Fvalue,False,0:03:08.664342,0:03:10.211159,nci9
0.146,0.0002,0.0094,0.0,23.330000000000002,3.73,25.419999999999998,0.9299999999999999,RandomForest,2,2,KGroups_max,Fvalue,False,0:03:08.664342,0:03:10.211159,nci9
0.0531,0.0005,0.0038,0.0001,20.0,7.449999999999999,23.75,4.06,XGB,2,2,KGroups_max,Fvalue,False,0:03:08.664342,0:03:10.211159,nci9
0.0948,0.0002,0.0024,0.0,23.330000000000002,3.73,25.419999999999998,0.9299999999999999,MLP,2,2,KGroups_max,Fvalue,False,0:03:08.664342,0:03:10.211159,nci9
0.0025,0.0,0.002,0.0,21.67,4.5600000000000005,25.419999999999998,0.9299999999999999,GaussianNB,2,2,KGroups_max,Fvalue,False,0:03:08.664342,0:03:10.211159,nci9
0.002,0.0001,0.0036,0.0001,23.330000000000002,3.73,23.330000000000002,0.9299999999999999,KNeighbors,3,2,KGroups_max,Fvalue,False,0:03:08.664342,0:03:10.211159,nci9
0.0025,0.0001,0.0018,0.0,23.330000000000002,3.73,25.419999999999998,0.9299999999999999,LinearSVC,3,2,KGroups_max,Fvalue,False,0:03:08.664342,0:03:10.211159,nci9
0.146,0.0004,0.0094,0.0,23.330000000000002,3.73,25.419999999999998,0.9299999999999999,RandomForest,3,2,KGroups_max,Fvalue,False,0:03:08.664342,0:03:10.211159,nci9
0.0531,0.0005,0.0038,0.0002,20.0,7.449999999999999,23.75,4.06,XGB,3,2,KGroups_max,Fvalue,False,0:03:08.664342,0:03:10.211159,nci9
0.0963,0.0005,0.0025,0.0001,23.330000000000002,3.73,25.419999999999998,0.9299999999999999,MLP,3,2,KGroups_max,Fvalue,False,0:03:08.664342,0:03:10.211159,nci9
0.0026,0.0,0.0021,0.0,21.67,4.5600000000000005,25.419999999999998,0.9299999999999999,GaussianNB,3,2,KGroups_max,Fvalue,False,0:03:08.664342,0:03:10.211159,nci9
0.0023,0.0001,0.004,0.0001,23.330000000000002,3.73,23.330000000000002,0.9299999999999999,KNeighbors,4,2,KGroups_max,Fvalue,False,0:03:08.664342,0:03:10.211159,nci9
0.0027,0.0001,0.0019,0.0,23.330000000000002,3.73,25.419999999999998,0.9299999999999999,LinearSVC,4,2,KGroups_max,Fvalue,False,0:03:08.664342,0:03:10.211159,nci9
0.1482,0.0002,0.0097,0.0,23.330000000000002,3.73,25.419999999999998,0.9299999999999999,RandomForest,4,2,KGroups_max,Fvalue,False,0:03:08.664342,0:03:10.211159,nci9
0.0577,0.0006,0.0042,0.0001,20.0,7.449999999999999,23.75,4.06,XGB,4,2,KGroups_max,Fvalue,False,0:03:08.664342,0:03:10.211159,nci9
0.0964,0.0002,0.0025,0.0,23.330000000000002,3.73,25.419999999999998,0.9299999999999999,MLP,4,2,KGroups_max,Fvalue,False,0:03:08.664342,0:03:10.211159,nci9
0.0026,0.0,0.0021,0.0,21.67,4.5600000000000005,25.419999999999998,0.9299999999999999,GaussianNB,4,2,KGroups_max,Fvalue,False,0:03:08.664342,0:03:10.211159,nci9
0.0023,0.0001,0.0041,0.0001,23.330000000000002,3.73,23.330000000000002,0.9299999999999999,KNeighbors,5,2,KGroups_max,Fvalue,False,0:03:08.664342,0:03:10.211159,nci9
0.0027,0.0001,0.0019,0.0001,23.330000000000002,3.73,25.419999999999998,0.9299999999999999,LinearSVC,5,2,KGroups_max,Fvalue,False,0:03:08.664342,0:03:10.211159,nci9
0.1477,0.0004,0.0097,0.0,23.330000000000002,3.73,25.419999999999998,0.9299999999999999,RandomForest,5,2,KGroups_max,Fvalue,False,0:03:08.664342,0:03:10.211159,nci9
0.0578,0.0005,0.0043,0.0001,20.0,7.449999999999999,23.75,4.06,XGB,5,2,KGroups_max,Fvalue,False,0:03:08.664342,0:03:10.211159,nci9
0.0966,0.0005,0.0026,0.0,23.330000000000002,3.73,25.419999999999998,0.9299999999999999,MLP,5,2,KGroups_max,Fvalue,False,0:03:08.664342,0:03:10.211159,nci9
0.0026,0.0,0.002,0.0,21.67,4.5600000000000005,25.419999999999998,0.9299999999999999,GaussianNB,5,2,KGroups_max,Fvalue,False,0:03:08.664342,0:03:10.211159,nci9
0.0023,0.0001,0.0041,0.0001,23.330000000000002,3.73,23.330000000000002,0.9299999999999999,KNeighbors,6,2,KGroups_max,Fvalue,False,0:03:08.664342,0:03:10.211159,nci9
0.0027,0.0001,0.0018,0.0,23.330000000000002,3.73,25.419999999999998,0.9299999999999999,LinearSVC,6,2,KGroups_max,Fvalue,False,0:03:08.664342,0:03:10.211159,nci9
0.1482,0.0002,0.0097,0.0001,23.330000000000002,3.73,25.419999999999998,0.9299999999999999,RandomForest,6,2,KGroups_max,Fvalue,False,0:03:08.664342,0:03:10.211159,nci9
0.0579,0.0006,0.0043,0.0002,20.0,7.449999999999999,23.75,4.06,XGB,6,2,KGroups_max,Fvalue,False,0:03:08.664342,0:03:10.211159,nci9
0.0957,0.0003,0.0025,0.0,23.330000000000002,3.73,25.419999999999998,0.9299999999999999,MLP,6,2,KGroups_max,Fvalue,False,0:03:08.664342,0:03:10.211159,nci9
0.0026,0.0001,0.002,0.0,21.67,4.5600000000000005,25.419999999999998,0.9299999999999999,GaussianNB,6,2,KGroups_max,Fvalue,False,0:03:08.664342,0:03:10.211159,nci9
0.0022,0.0001,0.004,0.0001,23.330000000000002,3.73,23.330000000000002,0.9299999999999999,KNeighbors,7,2,KGroups_max,Fvalue,False,0:03:08.664342,0:03:10.211159,nci9
0.0027,0.0,0.0018,0.0,23.330000000000002,3.73,25.419999999999998,0.9299999999999999,LinearSVC,7,2,KGroups_max,Fvalue,False,0:03:08.664342,0:03:10.211159,nci9
0.1473,0.0003,0.0096,0.0,23.330000000000002,3.73,25.419999999999998,0.9299999999999999,RandomForest,7,2,KGroups_max,Fvalue,False,0:03:08.664342,0:03:10.211159,nci9
0.056,0.0004,0.0041,0.0001,20.0,7.449999999999999,23.75,4.06,XGB,7,2,KGroups_max,Fvalue,False,0:03:08.664342,0:03:10.211159,nci9
0.0952,0.0002,0.0025,0.0,23.330000000000002,3.73,25.419999999999998,0.9299999999999999,MLP,7,2,KGroups_max,Fvalue,False,0:03:08.664342,0:03:10.211159,nci9
0.0026,0.0001,0.0021,0.0001,21.67,4.5600000000000005,25.419999999999998,0.9299999999999999,GaussianNB,7,2,KGroups_max,Fvalue,False,0:03:08.664342,0:03:10.211159,nci9
0.0022,0.0001,0.004,0.0001,23.330000000000002,3.73,23.330000000000002,0.9299999999999999,KNeighbors,8,2,KGroups_max,Fvalue,False,0:03:08.664342,0:03:10.211159,nci9
0.0027,0.0001,0.0019,0.0,23.330000000000002,3.73,25.419999999999998,0.9299999999999999,LinearSVC,8,2,KGroups_max,Fvalue,False,0:03:08.664342,0:03:10.211159,nci9
0.1478,0.0006,0.0097,0.0001,23.330000000000002,3.73,25.419999999999998,0.9299999999999999,RandomForest,8,2,KGroups_max,Fvalue,False,0:03:08.664342,0:03:10.211159,nci9
0.0576,0.0009,0.0044,0.0002,20.0,7.449999999999999,23.75,4.06,XGB,8,2,KGroups_max,Fvalue,False,0:03:08.664342,0:03:10.211159,nci9
0.0961,0.0002,0.0026,0.0,23.330000000000002,3.73,25.419999999999998,0.9299999999999999,MLP,8,2,KGroups_max,Fvalue,False,0:03:08.664342,0:03:10.211159,nci9
0.0026,0.0001,0.002,0.0,21.67,4.5600000000000005,25.419999999999998,0.9299999999999999,GaussianNB,8,2,KGroups_max,Fvalue,False,0:03:08.664342,0:03:10.211159,nci9
0.0023,0.0001,0.004,0.0001,23.330000000000002,3.73,23.330000000000002,0.9299999999999999,KNeighbors,9,2,KGroups_max,Fvalue,False,0:03:08.664342,0:03:10.211159,nci9
0.0027,0.0001,0.0019,0.0,23.330000000000002,3.73,25.419999999999998,0.9299999999999999,LinearSVC,9,2,KGroups_max,Fvalue,False,0:03:08.664342,0:03:10.211159,nci9
0.1481,0.0002,0.0098,0.0001,23.330000000000002,3.73,25.419999999999998,0.9299999999999999,RandomForest,9,2,KGroups_max,Fvalue,False,0:03:08.664342,0:03:10.211159,nci9
0.0577,0.0006,0.0043,0.0002,20.0,7.449999999999999,23.75,4.06,XGB,9,2,KGroups_max,Fvalue,False,0:03:08.664342,0:03:10.211159,nci9
0.0967,0.0004,0.0025,0.0001,23.330000000000002,3.73,25.419999999999998,0.9299999999999999,MLP,9,2,KGroups_max,Fvalue,False,0:03:08.664342,0:03:10.211159,nci9
0.0026,0.0001,0.0021,0.0,21.67,4.5600000000000005,25.419999999999998,0.9299999999999999,GaussianNB,9,2,KGroups_max,Fvalue,False,0:03:08.664342,0:03:10.211159,nci9
0.0023,0.0001,0.004,0.0001,23.330000000000002,3.73,23.330000000000002,0.9299999999999999,KNeighbors,10,2,KGroups_max,Fvalue,False,0:03:08.664342,0:03:10.211159,nci9
0.0027,0.0001,0.0019,0.0,23.330000000000002,3.73,25.419999999999998,0.9299999999999999,LinearSVC,10,2,KGroups_max,Fvalue,False,0:03:08.664342,0:03:10.211159,nci9
0.1479,0.0005,0.0097,0.0,23.330000000000002,3.73,25.419999999999998,0.9299999999999999,RandomForest,10,2,KGroups_max,Fvalue,False,0:03:08.664342,0:03:10.211159,nci9
0.0573,0.0004,0.0043,0.0001,20.0,7.449999999999999,23.75,4.06,XGB,10,2,KGroups_max,Fvalue,False,0:03:08.664342,0:03:10.211159,nci9
0.0965,0.0013,0.0026,0.0,23.330000000000002,3.73,25.419999999999998,0.9299999999999999,MLP,10,2,KGroups_max,Fvalue,False,0:03:08.664342,0:03:10.211159,nci9
0.0026,0.0,0.0021,0.0,21.67,4.5600000000000005,25.419999999999998,0.9299999999999999,GaussianNB,10,2,KGroups_max,Fvalue,False,0:03:08.664342,0:03:10.211159,nci9
0.0023,0.0001,0.004,0.0001,23.330000000000002,3.73,23.330000000000002,0.9299999999999999,KNeighbors,11,2,KGroups_max,Fvalue,False,0:03:08.664342,0:03:10.211159,nci9
0.0027,0.0001,0.0019,0.0,23.330000000000002,3.73,25.419999999999998,0.9299999999999999,LinearSVC,11,2,KGroups_max,Fvalue,False,0:03:08.664342,0:03:10.211159,nci9
0.1479,0.0004,0.0096,0.0,23.330000000000002,3.73,25.419999999999998,0.9299999999999999,RandomForest,11,2,KGroups_max,Fvalue,False,0:03:08.664342,0:03:10.211159,nci9
0.0575,0.0006,0.0043,0.0001,20.0,7.449999999999999,23.75,4.06,XGB,11,2,KGroups_max,Fvalue,False,0:03:08.664342,0:03:10.211159,nci9
0.0956,0.0002,0.0026,0.0001,23.330000000000002,3.73,25.419999999999998,0.9299999999999999,MLP,11,2,KGroups_max,Fvalue,False,0:03:08.664342,0:03:10.211159,nci9
0.0026,0.0001,0.0021,0.0001,21.67,4.5600000000000005,25.419999999999998,0.9299999999999999,GaussianNB,11,2,KGroups_max,Fvalue,False,0:03:08.664342,0:03:10.211159,nci9
0.0023,0.0001,0.004,0.0002,23.330000000000002,3.73,23.330000000000002,0.9299999999999999,KNeighbors,12,2,KGroups_max,Fvalue,False,0:03:08.664342,0:03:10.211159,nci9
0.0027,0.0001,0.0019,0.0,23.330000000000002,3.73,25.419999999999998,0.9299999999999999,LinearSVC,12,2,KGroups_max,Fvalue,False,0:03:08.664342,0:03:10.211159,nci9
0.1482,0.0006,0.0097,0.0001,23.330000000000002,3.73,25.419999999999998,0.9299999999999999,RandomForest,12,2,KGroups_max,Fvalue,False,0:03:08.664342,0:03:10.211159,nci9
0.0576,0.0008,0.0043,0.0001,20.0,7.449999999999999,23.75,4.06,XGB,12,2,KGroups_max,Fvalue,False,0:03:08.664342,0:03:10.211159,nci9
0.0967,0.0003,0.0025,0.0,23.330000000000002,3.73,25.419999999999998,0.9299999999999999,MLP,12,2,KGroups_max,Fvalue,False,0:03:08.664342,0:03:10.211159,nci9
0.0026,0.0,0.0021,0.0,21.67,4.5600000000000005,25.419999999999998,0.9299999999999999,GaussianNB,12,2,KGroups_max,Fvalue,False,0:03:08.664342,0:03:10.211159,nci9
0.0023,0.0001,0.0041,0.0,23.330000000000002,3.73,23.330000000000002,0.9299999999999999,KNeighbors,13,2,KGroups_max,Fvalue,False,0:03:08.664342,0:03:10.211159,nci9
0.0027,0.0001,0.0019,0.0,23.330000000000002,3.73,25.419999999999998,0.9299999999999999,LinearSVC,13,2,KGroups_max,Fvalue,False,0:03:08.664342,0:03:10.211159,nci9
0.1486,0.0005,0.0098,0.0,23.330000000000002,3.73,25.419999999999998,0.9299999999999999,RandomForest,13,2,KGroups_max,Fvalue,False,0:03:08.664342,0:03:10.211159,nci9
0.058,0.0004,0.0043,0.0002,20.0,7.449999999999999,23.75,4.06,XGB,13,2,KGroups_max,Fvalue,False,0:03:08.664342,0:03:10.211159,nci9
0.0963,0.0003,0.0026,0.0,23.330000000000002,3.73,25.419999999999998,0.9299999999999999,MLP,13,2,KGroups_max,Fvalue,False,0:03:08.664342,0:03:10.211159,nci9
0.0026,0.0001,0.002,0.0,21.67,4.5600000000000005,25.419999999999998,0.9299999999999999,GaussianNB,13,2,KGroups_max,Fvalue,False,0:03:08.664342,0:03:10.211159,nci9
0.0023,0.0001,0.004,0.0001,23.330000000000002,3.73,23.330000000000002,0.9299999999999999,KNeighbors,14,2,KGroups_max,Fvalue,False,0:03:08.664342,0:03:10.211159,nci9
0.0027,0.0001,0.0019,0.0,23.330000000000002,3.73,25.419999999999998,0.9299999999999999,LinearSVC,14,2,KGroups_max,Fvalue,False,0:03:08.664342,0:03:10.211159,nci9
0.1484,0.0006,0.0097,0.0001,23.330000000000002,3.73,25.419999999999998,0.9299999999999999,RandomForest,14,2,KGroups_max,Fvalue,False,0:03:08.664342,0:03:10.211159,nci9
0.0575,0.0016,0.0043,0.0001,20.0,7.449999999999999,23.75,4.06,XGB,14,2,KGroups_max,Fvalue,False,0:03:08.664342,0:03:10.211159,nci9
0.0956,0.0003,0.0026,0.0,23.330000000000002,3.73,25.419999999999998,0.9299999999999999,MLP,14,2,KGroups_max,Fvalue,False,0:03:08.664342,0:03:10.211159,nci9
0.0026,0.0001,0.0021,0.0,21.67,4.5600000000000005,25.419999999999998,0.9299999999999999,GaussianNB,14,2,KGroups_max,Fvalue,False,0:03:08.664342,0:03:10.211159,nci9
0.0022,0.0001,0.004,0.0001,23.330000000000002,3.73,23.330000000000002,0.9299999999999999,KNeighbors,15,2,KGroups_max,Fvalue,False,0:03:08.664342,0:03:10.211159,nci9
0.0027,0.0001,0.0019,0.0,23.330000000000002,3.73,25.419999999999998,0.9299999999999999,LinearSVC,15,2,KGroups_max,Fvalue,False,0:03:08.664342,0:03:10.211159,nci9
0.1478,0.0001,0.0096,0.0001,23.330000000000002,3.73,25.419999999999998,0.9299999999999999,RandomForest,15,2,KGroups_max,Fvalue,False,0:03:08.664342,0:03:10.211159,nci9
0.0569,0.0006,0.0042,0.0001,20.0,7.449999999999999,23.75,4.06,XGB,15,2,KGroups_max,Fvalue,False,0:03:08.664342,0:03:10.211159,nci9
0.0959,0.0003,0.0025,0.0,23.330000000000002,3.73,25.419999999999998,0.9299999999999999,MLP,15,2,KGroups_max,Fvalue,False,0:03:08.664342,0:03:10.211159,nci9
0.0026,0.0,0.002,0.0,21.67,4.5600000000000005,25.419999999999998,0.9299999999999999,GaussianNB,15,2,KGroups_max,Fvalue,False,0:03:08.664342,0:03:10.211159,nci9
0.0022,0.0001,0.0038,0.0001,23.330000000000002,3.73,23.330000000000002,0.9299999999999999,KNeighbors,16,2,KGroups_max,Fvalue,False,0:03:08.664342,0:03:10.211159,nci9
0.0026,0.0001,0.0018,0.0,23.330000000000002,3.73,25.419999999999998,0.9299999999999999,LinearSVC,16,2,KGroups_max,Fvalue,False,0:03:08.664342,0:03:10.211159,nci9
0.1469,0.0003,0.0095,0.0,23.330000000000002,3.73,25.419999999999998,0.9299999999999999,RandomForest,16,2,KGroups_max,Fvalue,False,0:03:08.664342,0:03:10.211159,nci9
0.0556,0.0006,0.0041,0.0001,20.0,7.449999999999999,23.75,4.06,XGB,16,2,KGroups_max,Fvalue,False,0:03:08.664342,0:03:10.211159,nci9
0.0948,0.0003,0.0025,0.0,23.330000000000002,3.73,25.419999999999998,0.9299999999999999,MLP,16,2,KGroups_max,Fvalue,False,0:03:08.664342,0:03:10.211159,nci9
0.0025,0.0,0.002,0.0,21.67,4.5600000000000005,25.419999999999998,0.9299999999999999,GaussianNB,16,2,KGroups_max,Fvalue,False,0:03:08.664342,0:03:10.211159,nci9
0.0021,0.0001,0.0038,0.0001,23.330000000000002,3.73,23.330000000000002,0.9299999999999999,KNeighbors,17,2,KGroups_max,Fvalue,False,0:03:08.664342,0:03:10.211159,nci9
0.0026,0.0,0.0018,0.0,23.330000000000002,3.73,25.419999999999998,0.9299999999999999,LinearSVC,17,2,KGroups_max,Fvalue,False,0:03:08.664342,0:03:10.211159,nci9
0.1464,0.0004,0.0095,0.0,23.330000000000002,3.73,25.419999999999998,0.9299999999999999,RandomForest,17,2,KGroups_max,Fvalue,False,0:03:08.664342,0:03:10.211159,nci9
0.0553,0.0006,0.0041,0.0001,20.0,7.449999999999999,23.75,4.06,XGB,17,2,KGroups_max,Fvalue,False,0:03:08.664342,0:03:10.211159,nci9
0.0946,0.0003,0.0025,0.0,23.330000000000002,3.73,25.419999999999998,0.9299999999999999,MLP,17,2,KGroups_max,Fvalue,False,0:03:08.664342,0:03:10.211159,nci9
0.0026,0.0,0.002,0.0,21.67,4.5600000000000005,25.419999999999998,0.9299999999999999,GaussianNB,17,2,KGroups_max,Fvalue,False,0:03:08.664342,0:03:10.211159,nci9
0.0021,0.0001,0.0037,0.0001,23.330000000000002,3.73,23.330000000000002,0.9299999999999999,KNeighbors,18,2,KGroups_max,Fvalue,False,0:03:08.664342,0:03:10.211159,nci9
0.0026,0.0001,0.0018,0.0,23.330000000000002,3.73,25.419999999999998,0.9299999999999999,LinearSVC,18,2,KGroups_max,Fvalue,False,0:03:08.664342,0:03:10.211159,nci9
0.1468,0.0003,0.0096,0.0001,23.330000000000002,3.73,25.419999999999998,0.9299999999999999,RandomForest,18,2,KGroups_max,Fvalue,False,0:03:08.664342,0:03:10.211159,nci9
0.0543,0.0004,0.004,0.0001,20.0,7.449999999999999,23.75,4.06,XGB,18,2,KGroups_max,Fvalue,False,0:03:08.664342,0:03:10.211159,nci9
0.0946,0.0003,0.0025,0.0,23.330000000000002,3.73,25.419999999999998,0.9299999999999999,MLP,18,2,KGroups_max,Fvalue,False,0:03:08.664342,0:03:10.211159,nci9
0.0025,0.0,0.002,0.0,21.67,4.5600000000000005,25.419999999999998,0.9299999999999999,GaussianNB,18,2,KGroups_max,Fvalue,False,0:03:08.664342,0:03:10.211159,nci9
0.0021,0.0001,0.0037,0.0001,23.330000000000002,3.73,23.330000000000002,0.9299999999999999,KNeighbors,19,2,KGroups_max,Fvalue,False,0:03:08.664342,0:03:10.211159,nci9
0.0026,0.0001,0.0018,0.0,23.330000000000002,3.73,25.419999999999998,0.9299999999999999,LinearSVC,19,2,KGroups_max,Fvalue,False,0:03:08.664342,0:03:10.211159,nci9
0.1462,0.0002,0.0095,0.0,23.330000000000002,3.73,25.419999999999998,0.9299999999999999,RandomForest,19,2,KGroups_max,Fvalue,False,0:03:08.664342,0:03:10.211159,nci9
0.0542,0.0004,0.004,0.0001,20.0,7.449999999999999,23.75,4.06,XGB,19,2,KGroups_max,Fvalue,False,0:03:08.664342,0:03:10.211159,nci9
0.0952,0.0003,0.0025,0.0,23.330000000000002,3.73,25.419999999999998,0.9299999999999999,MLP,19,2,KGroups_max,Fvalue,False,0:03:08.664342,0:03:10.211159,nci9
0.0025,0.0,0.002,0.0,21.67,4.5600000000000005,25.419999999999998,0.9299999999999999,GaussianNB,19,2,KGroups_max,Fvalue,False,0:03:08.664342,0:03:10.211159,nci9
0.0021,0.0001,0.0036,0.0001,23.330000000000002,3.73,23.330000000000002,0.9299999999999999,KNeighbors,20,2,KGroups_max,Fvalue,False,0:03:08.664342,0:03:10.211159,nci9
0.0025,0.0001,0.0018,0.0,23.330000000000002,3.73,25.419999999999998,0.9299999999999999,LinearSVC,20,2,KGroups_max,Fvalue,False,0:03:08.664342,0:03:10.211159,nci9
0.1464,0.0004,0.0095,0.0,23.330000000000002,3.73,25.419999999999998,0.9299999999999999,RandomForest,20,2,KGroups_max,Fvalue,False,0:03:08.664342,0:03:10.211159,nci9
0.0532,0.0005,0.0039,0.0001,20.0,7.449999999999999,23.75,4.06,XGB,20,2,KGroups_max,Fvalue,False,0:03:08.664342,0:03:10.211159,nci9
0.0944,0.0002,0.0024,0.0001,23.330000000000002,3.73,25.419999999999998,0.9299999999999999,MLP,20,2,KGroups_max,Fvalue,False,0:03:08.664342,0:03:10.211159,nci9
0.0025,0.0,0.002,0.0,21.67,4.5600000000000005,25.419999999999998,0.9299999999999999,GaussianNB,20,2,KGroups_max,Fvalue,False,0:03:08.664342,0:03:10.211159,nci9
0.002,0.0001,0.0036,0.0001,23.330000000000002,3.73,23.330000000000002,0.9299999999999999,KNeighbors,21,2,KGroups_max,Fvalue,False,0:03:08.664342,0:03:10.211159,nci9
0.0025,0.0001,0.0018,0.0,23.330000000000002,3.73,25.419999999999998,0.9299999999999999,LinearSVC,21,2,KGroups_max,Fvalue,False,0:03:08.664342,0:03:10.211159,nci9
0.1463,0.0002,0.0094,0.0,23.330000000000002,3.73,25.419999999999998,0.9299999999999999,RandomForest,21,2,KGroups_max,Fvalue,False,0:03:08.664342,0:03:10.211159,nci9
0.0531,0.0003,0.0038,0.0001,20.0,7.449999999999999,23.75,4.06,XGB,21,2,KGroups_max,Fvalue,False,0:03:08.664342,0:03:10.211159,nci9
0.0953,0.0002,0.0024,0.0,23.330000000000002,3.73,25.419999999999998,0.9299999999999999,MLP,21,2,KGroups_max,Fvalue,False,0:03:08.664342,0:03:10.211159,nci9
0.0025,0.0,0.002,0.0,21.67,4.5600000000000005,25.419999999999998,0.9299999999999999,GaussianNB,21,2,KGroups_max,Fvalue,False,0:03:08.664342,0:03:10.211159,nci9
0.0021,0.0001,0.0036,0.0001,23.330000000000002,3.73,23.330000000000002,0.9299999999999999,KNeighbors,22,2,KGroups_max,Fvalue,False,0:03:08.664342,0:03:10.211159,nci9
0.0025,0.0001,0.0018,0.0,23.330000000000002,3.73,25.419999999999998,0.9299999999999999,LinearSVC,22,2,KGroups_max,Fvalue,False,0:03:08.664342,0:03:10.211159,nci9
0.1461,0.0003,0.0094,0.0,23.330000000000002,3.73,25.419999999999998,0.9299999999999999,RandomForest,22,2,KGroups_max,Fvalue,False,0:03:08.664342,0:03:10.211159,nci9
0.0529,0.0002,0.0039,0.0001,20.0,7.449999999999999,23.75,4.06,XGB,22,2,KGroups_max,Fvalue,False,0:03:08.664342,0:03:10.211159,nci9
0.0954,0.0006,0.0024,0.0001,23.330000000000002,3.73,25.419999999999998,0.9299999999999999,MLP,22,2,KGroups_max,Fvalue,False,0:03:08.664342,0:03:10.211159,nci9
0.0027,0.0,0.0021,0.0,21.67,4.5600000000000005,25.419999999999998,0.9299999999999999,GaussianNB,22,2,KGroups_max,Fvalue,False,0:03:08.664342,0:03:10.211159,nci9
0.0023,0.0001,0.004,0.0002,23.330000000000002,3.73,23.330000000000002,0.9299999999999999,KNeighbors,23,2,KGroups_max,Fvalue,False,0:03:08.664342,0:03:10.211159,nci9
0.0027,0.0001,0.0019,0.0001,23.330000000000002,3.73,25.419999999999998,0.9299999999999999,LinearSVC,23,2,KGroups_max,Fvalue,False,0:03:08.664342,0:03:10.211159,nci9
0.1483,0.0004,0.0097,0.0,23.330000000000002,3.73,25.419999999999998,0.9299999999999999,RandomForest,23,2,KGroups_max,Fvalue,False,0:03:08.664342,0:03:10.211159,nci9
0.0579,0.0006,0.0043,0.0001,20.0,7.449999999999999,23.75,4.06,XGB,23,2,KGroups_max,Fvalue,False,0:03:08.664342,0:03:10.211159,nci9
0.0967,0.0002,0.0026,0.0,23.330000000000002,3.73,25.419999999999998,0.9299999999999999,MLP,23,2,KGroups_max,Fvalue,False,0:03:08.664342,0:03:10.211159,nci9
0.0027,0.0,0.0021,0.0,21.67,4.5600000000000005,25.419999999999998,0.9299999999999999,GaussianNB,23,2,KGroups_max,Fvalue,False,0:03:08.664342,0:03:10.211159,nci9
0.0023,0.0001,0.004,0.0001,23.330000000000002,3.73,23.330000000000002,0.9299999999999999,KNeighbors,24,2,KGroups_max,Fvalue,False,0:03:08.664342,0:03:10.211159,nci9
0.0028,0.0001,0.0019,0.0,23.330000000000002,3.73,25.419999999999998,0.9299999999999999,LinearSVC,24,2,KGroups_max,Fvalue,False,0:03:08.664342,0:03:10.211159,nci9
0.1488,0.0003,0.0098,0.0,23.330000000000002,3.73,25.419999999999998,0.9299999999999999,RandomForest,24,2,KGroups_max,Fvalue,False,0:03:08.664342,0:03:10.211159,nci9
0.0578,0.0007,0.0043,0.0002,20.0,7.449999999999999,23.75,4.06,XGB,24,2,KGroups_max,Fvalue,False,0:03:08.664342,0:03:10.211159,nci9
0.0968,0.0004,0.0026,0.0001,23.330000000000002,3.73,25.419999999999998,0.9299999999999999,MLP,24,2,KGroups_max,Fvalue,False,0:03:08.664342,0:03:10.211159,nci9
0.0026,0.0,0.0021,0.0,21.67,4.5600000000000005,25.419999999999998,0.9299999999999999,GaussianNB,24,2,KGroups_max,Fvalue,False,0:03:08.664342,0:03:10.211159,nci9
0.0023,0.0001,0.0041,0.0001,23.330000000000002,3.73,23.330000000000002,0.9299999999999999,KNeighbors,25,2,KGroups_max,Fvalue,False,0:03:08.664342,0:03:10.211159,nci9
0.0027,0.0001,0.0019,0.0,23.330000000000002,3.73,25.419999999999998,0.9299999999999999,LinearSVC,25,2,KGroups_max,Fvalue,False,0:03:08.664342,0:03:10.211159,nci9
0.1482,0.0003,0.0098,0.0,23.330000000000002,3.73,25.419999999999998,0.9299999999999999,RandomForest,25,2,KGroups_max,Fvalue,False,0:03:08.664342,0:03:10.211159,nci9
0.0582,0.0004,0.0043,0.0001,20.0,7.449999999999999,23.75,4.06,XGB,25,2,KGroups_max,Fvalue,False,0:03:08.664342,0:03:10.211159,nci9
0.0968,0.0003,0.0026,0.0,23.330000000000002,3.73,25.419999999999998,0.9299999999999999,MLP,25,2,KGroups_max,Fvalue,False,0:03:08.664342,0:03:10.211159,nci9
0.0027,0.0001,0.0021,0.0,21.67,4.5600000000000005,25.419999999999998,0.9299999999999999,GaussianNB,25,2,KGroups_max,Fvalue,False,0:03:08.664342,0:03:10.211159,nci9
0.0023,0.0002,0.004,0.0001,23.330000000000002,3.73,23.330000000000002,0.9299999999999999,KNeighbors,26,2,KGroups_max,Fvalue,False,0:03:08.664342,0:03:10.211159,nci9
0.0028,0.0,0.002,0.0,23.330000000000002,3.73,25.419999999999998,0.9299999999999999,LinearSVC,26,2,KGroups_max,Fvalue,False,0:03:08.664342,0:03:10.211159,nci9
0.1478,0.0008,0.0096,0.0001,23.330000000000002,3.73,25.419999999999998,0.9299999999999999,RandomForest,26,2,KGroups_max,Fvalue,False,0:03:08.664342,0:03:10.211159,nci9
0.0566,0.0015,0.0041,0.0001,20.0,7.449999999999999,23.75,4.06,XGB,26,2,KGroups_max,Fvalue,False,0:03:08.664342,0:03:10.211159,nci9
0.0955,0.0003,0.0025,0.0001,23.330000000000002,3.73,25.419999999999998,0.9299999999999999,MLP,26,2,KGroups_max,Fvalue,False,0:03:08.664342,0:03:10.211159,nci9
0.0026,0.0,0.002,0.0,21.67,4.5600000000000005,25.419999999999998,0.9299999999999999,GaussianNB,26,2,KGroups_max,Fvalue,False,0:03:08.664342,0:03:10.211159,nci9
0.0021,0.0001,0.0037,0.0001,23.330000000000002,3.73,23.330000000000002,0.9299999999999999,KNeighbors,27,2,KGroups_max,Fvalue,False,0:03:08.664342,0:03:10.211159,nci9
0.0026,0.0,0.0018,0.0,23.330000000000002,3.73,25.419999999999998,0.9299999999999999,LinearSVC,27,2,KGroups_max,Fvalue,False,0:03:08.664342,0:03:10.211159,nci9
0.1483,0.0004,0.0097,0.0,23.330000000000002,3.73,25.419999999999998,0.9299999999999999,RandomForest,27,2,KGroups_max,Fvalue,False,0:03:08.664342,0:03:10.211159,nci9
0.0574,0.0004,0.0044,0.0002,20.0,7.449999999999999,23.75,4.06,XGB,27,2,KGroups_max,Fvalue,False,0:03:08.664342,0:03:10.211159,nci9
0.0959,0.0004,0.0026,0.0,23.330000000000002,3.73,25.419999999999998,0.9299999999999999,MLP,27,2,KGroups_max,Fvalue,False,0:03:08.664342,0:03:10.211159,nci9
0.0026,0.0001,0.002,0.0,21.67,4.5600000000000005,25.419999999999998,0.9299999999999999,GaussianNB,27,2,KGroups_max,Fvalue,False,0:03:08.664342,0:03:10.211159,nci9
0.0022,0.0001,0.004,0.0001,23.330000000000002,3.73,23.330000000000002,0.9299999999999999,KNeighbors,28,2,KGroups_max,Fvalue,False,0:03:08.664342,0:03:10.211159,nci9
0.0027,0.0001,0.0019,0.0001,23.330000000000002,3.73,25.419999999999998,0.9299999999999999,LinearSVC,28,2,KGroups_max,Fvalue,False,0:03:08.664342,0:03:10.211159,nci9
0.1481,0.0001,0.0097,0.0001,23.330000000000002,3.73,25.419999999999998,0.9299999999999999,RandomForest,28,2,KGroups_max,Fvalue,False,0:03:08.664342,0:03:10.211159,nci9
0.0577,0.0005,0.0043,0.0002,20.0,7.449999999999999,23.75,4.06,XGB,28,2,KGroups_max,Fvalue,False,0:03:08.664342,0:03:10.211159,nci9
0.0965,0.0004,0.0026,0.0,23.330000000000002,3.73,25.419999999999998,0.9299999999999999,MLP,28,2,KGroups_max,Fvalue,False,0:03:08.664342,0:03:10.211159,nci9
0.0026,0.0001,0.0021,0.0001,21.67,4.5600000000000005,25.419999999999998,0.9299999999999999,GaussianNB,28,2,KGroups_max,Fvalue,False,0:03:08.664342,0:03:10.211159,nci9
0.0023,0.0,0.0041,0.0002,23.330000000000002,3.73,23.330000000000002,0.9299999999999999,KNeighbors,29,2,KGroups_max,Fvalue,False,0:03:08.664342,0:03:10.211159,nci9
0.0027,0.0001,0.0019,0.0001,23.330000000000002,3.73,25.419999999999998,0.9299999999999999,LinearSVC,29,2,KGroups_max,Fvalue,False,0:03:08.664342,0:03:10.211159,nci9
0.1485,0.0005,0.0097,0.0001,23.330000000000002,3.73,25.419999999999998,0.9299999999999999,RandomForest,29,2,KGroups_max,Fvalue,False,0:03:08.664342,0:03:10.211159,nci9
0.0575,0.0009,0.0043,0.0001,20.0,7.449999999999999,23.75,4.06,XGB,29,2,KGroups_max,Fvalue,False,0:03:08.664342,0:03:10.211159,nci9
0.0965,0.0003,0.0026,0.0,23.330000000000002,3.73,25.419999999999998,0.9299999999999999,MLP,29,2,KGroups_max,Fvalue,False,0:03:08.664342,0:03:10.211159,nci9
0.0026,0.0,0.002,0.0,21.67,4.5600000000000005,25.419999999999998,0.9299999999999999,GaussianNB,29,2,KGroups_max,Fvalue,False,0:03:08.664342,0:03:10.211159,nci9
0.0023,0.0001,0.004,0.0001,23.330000000000002,3.73,23.330000000000002,0.9299999999999999,KNeighbors,30,2,KGroups_max,Fvalue,False,0:03:08.664342,0:03:10.211159,nci9
0.0027,0.0001,0.0019,0.0,23.330000000000002,3.73,25.419999999999998,0.9299999999999999,LinearSVC,30,2,KGroups_max,Fvalue,False,0:03:08.664342,0:03:10.211159,nci9
0.1477,0.0006,0.0097,0.0,23.330000000000002,3.73,25.419999999999998,0.9299999999999999,RandomForest,30,2,KGroups_max,Fvalue,False,0:03:08.664342,0:03:10.211159,nci9
0.0568,0.0006,0.0042,0.0001,20.0,7.449999999999999,23.75,4.06,XGB,30,2,KGroups_max,Fvalue,False,0:03:08.664342,0:03:10.211159,nci9
0.0961,0.0004,0.0025,0.0,23.330000000000002,3.73,25.419999999999998,0.9299999999999999,MLP,30,2,KGroups_max,Fvalue,False,0:03:08.664342,0:03:10.211159,nci9
0.0026,0.0,0.002,0.0,21.67,4.5600000000000005,25.419999999999998,0.9299999999999999,GaussianNB,30,2,KGroups_max,Fvalue,False,0:03:08.664342,0:03:10.211159,nci9
0.0022,0.0001,0.0039,0.0001,23.330000000000002,3.73,23.330000000000002,0.9299999999999999,KNeighbors,31,2,KGroups_max,Fvalue,False,0:03:08.664342,0:03:10.211159,nci9
0.0027,0.0001,0.0019,0.0,23.330000000000002,3.73,25.419999999999998,0.9299999999999999,LinearSVC,31,2,KGroups_max,Fvalue,False,0:03:08.664342,0:03:10.211159,nci9
0.1484,0.0004,0.0097,0.0001,23.330000000000002,3.73,25.419999999999998,0.9299999999999999,RandomForest,31,2,KGroups_max,Fvalue,False,0:03:08.664342,0:03:10.211159,nci9
0.0576,0.0003,0.0043,0.0001,20.0,7.449999999999999,23.75,4.06,XGB,31,2,KGroups_max,Fvalue,False,0:03:08.664342,0:03:10.211159,nci9
0.0965,0.0003,0.0026,0.0,23.330000000000002,3.73,25.419999999999998,0.9299999999999999,MLP,31,2,KGroups_max,Fvalue,False,0:03:08.664342,0:03:10.211159,nci9
0.0026,0.0,0.0021,0.0,21.67,4.5600000000000005,25.419999999999998,0.9299999999999999,GaussianNB,31,2,KGroups_max,Fvalue,False,0:03:08.664342,0:03:10.211159,nci9
0.0023,0.0001,0.004,0.0001,23.330000000000002,3.73,23.330000000000002,0.9299999999999999,KNeighbors,32,2,KGroups_max,Fvalue,False,0:03:08.664342,0:03:10.211159,nci9
0.0027,0.0001,0.0019,0.0,23.330000000000002,3.73,25.419999999999998,0.9299999999999999,LinearSVC,32,2,KGroups_max,Fvalue,False,0:03:08.664342,0:03:10.211159,nci9
0.1481,0.0002,0.0097,0.0,23.330000000000002,3.73,25.419999999999998,0.9299999999999999,RandomForest,32,2,KGroups_max,Fvalue,False,0:03:08.664342,0:03:10.211159,nci9
0.0576,0.0005,0.0043,0.0001,20.0,7.449999999999999,23.75,4.06,XGB,32,2,KGroups_max,Fvalue,False,0:03:08.664342,0:03:10.211159,nci9
0.0965,0.0002,0.0026,0.0,23.330000000000002,3.73,25.419999999999998,0.9299999999999999,MLP,32,2,KGroups_max,Fvalue,False,0:03:08.664342,0:03:10.211159,nci9
0.0026,0.0,0.0021,0.0,21.67,4.5600000000000005,25.419999999999998,0.9299999999999999,GaussianNB,32,2,KGroups_max,Fvalue,False,0:03:08.664342,0:03:10.211159,nci9
0.0023,0.0001,0.004,0.0001,23.330000000000002,3.73,23.330000000000002,0.9299999999999999,KNeighbors,33,2,KGroups_max,Fvalue,False,0:03:08.664342,0:03:10.211159,nci9
0.0028,0.0,0.0019,0.0,23.330000000000002,3.73,25.419999999999998,0.9299999999999999,LinearSVC,33,2,KGroups_max,Fvalue,False,0:03:08.664342,0:03:10.211159,nci9
0.1483,0.0002,0.0098,0.0001,23.330000000000002,3.73,25.419999999999998,0.9299999999999999,RandomForest,33,2,KGroups_max,Fvalue,False,0:03:08.664342,0:03:10.211159,nci9
0.0577,0.0012,0.0043,0.0001,20.0,7.449999999999999,23.75,4.06,XGB,33,2,KGroups_max,Fvalue,False,0:03:08.664342,0:03:10.211159,nci9
0.0965,0.0003,0.0026,0.0,23.330000000000002,3.73,25.419999999999998,0.9299999999999999,MLP,33,2,KGroups_max,Fvalue,False,0:03:08.664342,0:03:10.211159,nci9
0.0027,0.0,0.0021,0.0,21.67,4.5600000000000005,25.419999999999998,0.9299999999999999,GaussianNB,33,2,KGroups_max,Fvalue,False,0:03:08.664342,0:03:10.211159,nci9
0.0022,0.0001,0.0039,0.0001,23.330000000000002,3.73,23.330000000000002,0.9299999999999999,KNeighbors,34,2,KGroups_max,Fvalue,False,0:03:08.664342,0:03:10.211159,nci9
0.0027,0.0,0.0019,0.0,23.330000000000002,3.73,25.419999999999998,0.9299999999999999,LinearSVC,34,2,KGroups_max,Fvalue,False,0:03:08.664342,0:03:10.211159,nci9
0.1479,0.0004,0.0097,0.0,23.330000000000002,3.73,25.419999999999998,0.9299999999999999,RandomForest,34,2,KGroups_max,Fvalue,False,0:03:08.664342,0:03:10.211159,nci9
0.0564,0.0005,0.0042,0.0001,20.0,7.449999999999999,23.75,4.06,XGB,34,2,KGroups_max,Fvalue,False,0:03:08.664342,0:03:10.211159,nci9
0.0949,0.0001,0.0025,0.0001,23.330000000000002,3.73,25.419999999999998,0.9299999999999999,MLP,34,2,KGroups_max,Fvalue,False,0:03:08.664342,0:03:10.211159,nci9
0.0026,0.0,0.002,0.0,21.67,4.5600000000000005,25.419999999999998,0.9299999999999999,GaussianNB,34,2,KGroups_max,Fvalue,False,0:03:08.664342,0:03:10.211159,nci9
0.0022,0.0001,0.0039,0.0001,23.330000000000002,3.73,23.330000000000002,0.9299999999999999,KNeighbors,35,2,KGroups_max,Fvalue,False,0:03:08.664342,0:03:10.211159,nci9
0.0026,0.0,0.0018,0.0,23.330000000000002,3.73,25.419999999999998,0.9299999999999999,LinearSVC,35,2,KGroups_max,Fvalue,False,0:03:08.664342,0:03:10.211159,nci9
0.147,0.0003,0.0096,0.0001,23.330000000000002,3.73,25.419999999999998,0.9299999999999999,RandomForest,35,2,KGroups_max,Fvalue,False,0:03:08.664342,0:03:10.211159,nci9
0.0561,0.0003,0.0042,0.0001,20.0,7.449999999999999,23.75,4.06,XGB,35,2,KGroups_max,Fvalue,False,0:03:08.664342,0:03:10.211159,nci9
0.0957,0.0005,0.0025,0.0,23.330000000000002,3.73,25.419999999999998,0.9299999999999999,MLP,35,2,KGroups_max,Fvalue,False,0:03:08.664342,0:03:10.211159,nci9
0.0025,0.0,0.002,0.0,21.67,4.5600000000000005,25.419999999999998,0.9299999999999999,GaussianNB,35,2,KGroups_max,Fvalue,False,0:03:08.664342,0:03:10.211159,nci9
0.0022,0.0001,0.0038,0.0001,23.330000000000002,3.73,23.330000000000002,0.9299999999999999,KNeighbors,36,2,KGroups_max,Fvalue,False,0:03:08.664342,0:03:10.211159,nci9
0.0026,0.0001,0.0018,0.0,23.330000000000002,3.73,25.419999999999998,0.9299999999999999,LinearSVC,36,2,KGroups_max,Fvalue,False,0:03:08.664342,0:03:10.211159,nci9
0.1468,0.0003,0.0096,0.0,23.330000000000002,3.73,25.419999999999998,0.9299999999999999,RandomForest,36,2,KGroups_max,Fvalue,False,0:03:08.664342,0:03:10.211159,nci9
0.0558,0.0004,0.0041,0.0001,20.0,7.449999999999999,23.75,4.06,XGB,36,2,KGroups_max,Fvalue,False,0:03:08.664342,0:03:10.211159,nci9
0.0958,0.0002,0.0025,0.0001,23.330000000000002,3.73,25.419999999999998,0.9299999999999999,MLP,36,2,KGroups_max,Fvalue,False,0:03:08.664342,0:03:10.211159,nci9
0.0025,0.0,0.002,0.0,21.67,4.5600000000000005,25.419999999999998,0.9299999999999999,GaussianNB,36,2,KGroups_max,Fvalue,False,0:03:08.664342,0:03:10.211159,nci9
0.0022,0.0001,0.0039,0.0001,23.330000000000002,3.73,23.330000000000002,0.9299999999999999,KNeighbors,37,2,KGroups_max,Fvalue,False,0:03:08.664342,0:03:10.211159,nci9
0.0026,0.0001,0.0018,0.0,23.330000000000002,3.73,25.419999999999998,0.9299999999999999,LinearSVC,37,2,KGroups_max,Fvalue,False,0:03:08.664342,0:03:10.211159,nci9
0.1471,0.0001,0.0096,0.0001,23.330000000000002,3.73,25.419999999999998,0.9299999999999999,RandomForest,37,2,KGroups_max,Fvalue,False,0:03:08.664342,0:03:10.211159,nci9
0.0556,0.0007,0.0041,0.0001,20.0,7.449999999999999,23.75,4.06,XGB,37,2,KGroups_max,Fvalue,False,0:03:08.664342,0:03:10.211159,nci9
0.0955,0.0005,0.0025,0.0,23.330000000000002,3.73,25.419999999999998,0.9299999999999999,MLP,37,2,KGroups_max,Fvalue,False,0:03:08.664342,0:03:10.211159,nci9
0.0025,0.0001,0.002,0.0,21.67,4.5600000000000005,25.419999999999998,0.9299999999999999,GaussianNB,37,2,KGroups_max,Fvalue,False,0:03:08.664342,0:03:10.211159,nci9
0.0021,0.0001,0.0037,0.0001,23.330000000000002,3.73,23.330000000000002,0.9299999999999999,KNeighbors,38,2,KGroups_max,Fvalue,False,0:03:08.664342,0:03:10.211159,nci9
0.0025,0.0001,0.0018,0.0,23.330000000000002,3.73,25.419999999999998,0.9299999999999999,LinearSVC,38,2,KGroups_max,Fvalue,False,0:03:08.664342,0:03:10.211159,nci9
0.1468,0.0004,0.0095,0.0,23.330000000000002,3.73,25.419999999999998,0.9299999999999999,RandomForest,38,2,KGroups_max,Fvalue,False,0:03:08.664342,0:03:10.211159,nci9
0.0544,0.0007,0.004,0.0001,20.0,7.449999999999999,23.75,4.06,XGB,38,2,KGroups_max,Fvalue,False,0:03:08.664342,0:03:10.211159,nci9
0.0952,0.0002,0.0025,0.0001,23.330000000000002,3.73,25.419999999999998,0.9299999999999999,MLP,38,2,KGroups_max,Fvalue,False,0:03:08.664342,0:03:10.211159,nci9
0.0025,0.0,0.002,0.0,21.67,4.5600000000000005,25.419999999999998,0.9299999999999999,GaussianNB,38,2,KGroups_max,Fvalue,False,0:03:08.664342,0:03:10.211159,nci9
0.0021,0.0001,0.0036,0.0001,23.330000000000002,3.73,23.330000000000002,0.9299999999999999,KNeighbors,39,2,KGroups_max,Fvalue,False,0:03:08.664342,0:03:10.211159,nci9
0.0026,0.0001,0.0018,0.0,23.330000000000002,3.73,25.419999999999998,0.9299999999999999,LinearSVC,39,2,KGroups_max,Fvalue,False,0:03:08.664342,0:03:10.211159,nci9
0.1459,0.0004,0.0094,0.0,23.330000000000002,3.73,25.419999999999998,0.9299999999999999,RandomForest,39,2,KGroups_max,Fvalue,False,0:03:08.664342,0:03:10.211159,nci9
0.0533,0.0002,0.0038,0.0001,20.0,7.449999999999999,23.75,4.06,XGB,39,2,KGroups_max,Fvalue,False,0:03:08.664342,0:03:10.211159,nci9
0.0956,0.0002,0.0024,0.0001,23.330000000000002,3.73,25.419999999999998,0.9299999999999999,MLP,39,2,KGroups_max,Fvalue,False,0:03:08.664342,0:03:10.211159,nci9
0.0025,0.0001,0.002,0.0,21.67,4.5600000000000005,25.419999999999998,0.9299999999999999,GaussianNB,39,2,KGroups_max,Fvalue,False,0:03:08.664342,0:03:10.211159,nci9
0.002,0.0001,0.0036,0.0001,23.330000000000002,3.73,23.330000000000002,0.9299999999999999,KNeighbors,40,2,KGroups_max,Fvalue,False,0:03:08.664342,0:03:10.211159,nci9
0.0025,0.0001,0.0018,0.0,23.330000000000002,3.73,25.419999999999998,0.9299999999999999,LinearSVC,40,2,KGroups_max,Fvalue,False,0:03:08.664342,0:03:10.211159,nci9
0.1463,0.0002,0.0094,0.0,23.330000000000002,3.73,25.419999999999998,0.9299999999999999,RandomForest,40,2,KGroups_max,Fvalue,False,0:03:08.664342,0:03:10.211159,nci9
0.053,0.0005,0.0038,0.0001,20.0,7.449999999999999,23.75,4.06,XGB,40,2,KGroups_max,Fvalue,False,0:03:08.664342,0:03:10.211159,nci9
0.0951,0.0003,0.0024,0.0001,23.330000000000002,3.73,25.419999999999998,0.9299999999999999,MLP,40,2,KGroups_max,Fvalue,False,0:03:08.664342,0:03:10.211159,nci9
0.0024,0.0,0.002,0.0,21.67,4.5600000000000005,25.419999999999998,0.9299999999999999,GaussianNB,40,2,KGroups_max,Fvalue,False,0:03:08.664342,0:03:10.211159,nci9
0.002,0.0001,0.0036,0.0001,23.330000000000002,3.73,23.330000000000002,0.9299999999999999,KNeighbors,41,2,KGroups_max,Fvalue,False,0:03:08.664342,0:03:10.211159,nci9
0.0028,0.0001,0.0019,0.0001,23.330000000000002,3.73,25.419999999999998,0.9299999999999999,LinearSVC,41,2,KGroups_max,Fvalue,False,0:03:08.664342,0:03:10.211159,nci9
0.1485,0.0005,0.0097,0.0001,23.330000000000002,3.73,25.419999999999998,0.9299999999999999,RandomForest,41,2,KGroups_max,Fvalue,False,0:03:08.664342,0:03:10.211159,nci9
0.0577,0.0007,0.0043,0.0001,20.0,7.449999999999999,23.75,4.06,XGB,41,2,KGroups_max,Fvalue,False,0:03:08.664342,0:03:10.211159,nci9
0.0966,0.0001,0.0026,0.0001,23.330000000000002,3.73,25.419999999999998,0.9299999999999999,MLP,41,2,KGroups_max,Fvalue,False,0:03:08.664342,0:03:10.211159,nci9
0.0026,0.0,0.0021,0.0,21.67,4.5600000000000005,25.419999999999998,0.9299999999999999,GaussianNB,41,2,KGroups_max,Fvalue,False,0:03:08.664342,0:03:10.211159,nci9
0.0023,0.0001,0.004,0.0001,23.330000000000002,3.73,23.330000000000002,0.9299999999999999,KNeighbors,42,2,KGroups_max,Fvalue,False,0:03:08.664342,0:03:10.211159,nci9
0.0027,0.0001,0.0018,0.0,23.330000000000002,3.73,25.419999999999998,0.9299999999999999,LinearSVC,42,2,KGroups_max,Fvalue,False,0:03:08.664342,0:03:10.211159,nci9
0.1486,0.0006,0.01,0.0003,23.330000000000002,3.73,25.419999999999998,0.9299999999999999,RandomForest,42,2,KGroups_max,Fvalue,False,0:03:08.664342,0:03:10.211159,nci9
0.0579,0.0005,0.0043,0.0001,20.0,7.449999999999999,23.75,4.06,XGB,42,2,KGroups_max,Fvalue,False,0:03:08.664342,0:03:10.211159,nci9
0.0969,0.0002,0.0025,0.0001,23.330000000000002,3.73,25.419999999999998,0.9299999999999999,MLP,42,2,KGroups_max,Fvalue,False,0:03:08.664342,0:03:10.211159,nci9
0.0027,0.0,0.0021,0.0,21.67,4.5600000000000005,25.419999999999998,0.9299999999999999,GaussianNB,42,2,KGroups_max,Fvalue,False,0:03:08.664342,0:03:10.211159,nci9
0.0023,0.0001,0.004,0.0001,23.330000000000002,3.73,23.330000000000002,0.9299999999999999,KNeighbors,43,2,KGroups_max,Fvalue,False,0:03:08.664342,0:03:10.211159,nci9
0.0027,0.0001,0.0019,0.0,23.330000000000002,3.73,25.419999999999998,0.9299999999999999,LinearSVC,43,2,KGroups_max,Fvalue,False,0:03:08.664342,0:03:10.211159,nci9
0.1477,0.0003,0.0098,0.0001,23.330000000000002,3.73,25.419999999999998,0.9299999999999999,RandomForest,43,2,KGroups_max,Fvalue,False,0:03:08.664342,0:03:10.211159,nci9
0.0576,0.0007,0.0043,0.0002,20.0,7.449999999999999,23.75,4.06,XGB,43,2,KGroups_max,Fvalue,False,0:03:08.664342,0:03:10.211159,nci9
0.0968,0.0003,0.0026,0.0,23.330000000000002,3.73,25.419999999999998,0.9299999999999999,MLP,43,2,KGroups_max,Fvalue,False,0:03:08.664342,0:03:10.211159,nci9
0.0027,0.0001,0.0021,0.0,21.67,4.5600000000000005,25.419999999999998,0.9299999999999999,GaussianNB,43,2,KGroups_max,Fvalue,False,0:03:08.664342,0:03:10.211159,nci9
0.0023,0.0001,0.004,0.0001,23.330000000000002,3.73,23.330000000000002,0.9299999999999999,KNeighbors,44,2,KGroups_max,Fvalue,False,0:03:08.664342,0:03:10.211159,nci9
0.0027,0.0001,0.0019,0.0,23.330000000000002,3.73,25.419999999999998,0.9299999999999999,LinearSVC,44,2,KGroups_max,Fvalue,False,0:03:08.664342,0:03:10.211159,nci9
0.1483,0.0007,0.0097,0.0001,23.330000000000002,3.73,25.419999999999998,0.9299999999999999,RandomForest,44,2,KGroups_max,Fvalue,False,0:03:08.664342,0:03:10.211159,nci9
0.0555,0.0005,0.0041,0.0001,20.0,7.449999999999999,23.75,4.06,XGB,44,2,KGroups_max,Fvalue,False,0:03:08.664342,0:03:10.211159,nci9
0.0962,0.0002,0.0025,0.0,23.330000000000002,3.73,25.419999999999998,0.9299999999999999,MLP,44,2,KGroups_max,Fvalue,False,0:03:08.664342,0:03:10.211159,nci9
0.0026,0.0001,0.0021,0.0001,21.67,4.5600000000000005,25.419999999999998,0.9299999999999999,GaussianNB,44,2,KGroups_max,Fvalue,False,0:03:08.664342,0:03:10.211159,nci9
0.0022,0.0001,0.0039,0.0001,23.330000000000002,3.73,23.330000000000002,0.9299999999999999,KNeighbors,45,2,KGroups_max,Fvalue,False,0:03:08.664342,0:03:10.211159,nci9
0.0027,0.0,0.0019,0.0,23.330000000000002,3.73,25.419999999999998,0.9299999999999999,LinearSVC,45,2,KGroups_max,Fvalue,False,0:03:08.664342,0:03:10.211159,nci9
0.1481,0.0001,0.0097,0.0001,23.330000000000002,3.73,25.419999999999998,0.9299999999999999,RandomForest,45,2,KGroups_max,Fvalue,False,0:03:08.664342,0:03:10.211159,nci9
0.0574,0.0008,0.0043,0.0002,20.0,7.449999999999999,23.75,4.06,XGB,45,2,KGroups_max,Fvalue,False,0:03:08.664342,0:03:10.211159,nci9
0.0963,0.0001,0.0026,0.0,23.330000000000002,3.73,25.419999999999998,0.9299999999999999,MLP,45,2,KGroups_max,Fvalue,False,0:03:08.664342,0:03:10.211159,nci9
0.0026,0.0,0.0021,0.0,21.67,4.5600000000000005,25.419999999999998,0.9299999999999999,GaussianNB,45,2,KGroups_max,Fvalue,False,0:03:08.664342,0:03:10.211159,nci9
0.0023,0.0001,0.004,0.0001,23.330000000000002,3.73,23.330000000000002,0.9299999999999999,KNeighbors,46,2,KGroups_max,Fvalue,False,0:03:08.664342,0:03:10.211159,nci9
0.0027,0.0,0.0019,0.0,23.330000000000002,3.73,25.419999999999998,0.9299999999999999,LinearSVC,46,2,KGroups_max,Fvalue,False,0:03:08.664342,0:03:10.211159,nci9
0.148,0.0002,0.0097,0.0,23.330000000000002,3.73,25.419999999999998,0.9299999999999999,RandomForest,46,2,KGroups_max,Fvalue,False,0:03:08.664342,0:03:10.211159,nci9
0.0572,0.0006,0.0043,0.0001,20.0,7.449999999999999,23.75,4.06,XGB,46,2,KGroups_max,Fvalue,False,0:03:08.664342,0:03:10.211159,nci9
0.0969,0.0001,0.0026,0.0,23.330000000000002,3.73,25.419999999999998,0.9299999999999999,MLP,46,2,KGroups_max,Fvalue,False,0:03:08.664342,0:03:10.211159,nci9
0.0026,0.0001,0.0021,0.0,21.67,4.5600000000000005,25.419999999999998,0.9299999999999999,GaussianNB,46,2,KGroups_max,Fvalue,False,0:03:08.664342,0:03:10.211159,nci9
0.0023,0.0001,0.004,0.0002,23.330000000000002,3.73,23.330000000000002,0.9299999999999999,KNeighbors,47,2,KGroups_max,Fvalue,False,0:03:08.664342,0:03:10.211159,nci9
0.0027,0.0001,0.0019,0.0,23.330000000000002,3.73,25.419999999999998,0.9299999999999999,LinearSVC,47,2,KGroups_max,Fvalue,False,0:03:08.664342,0:03:10.211159,nci9
0.1482,0.0005,0.0098,0.0001,23.330000000000002,3.73,25.419999999999998,0.9299999999999999,RandomForest,47,2,KGroups_max,Fvalue,False,0:03:08.664342,0:03:10.211159,nci9
0.0571,0.0004,0.0043,0.0001,20.0,7.449999999999999,23.75,4.06,XGB,47,2,KGroups_max,Fvalue,False,0:03:08.664342,0:03:10.211159,nci9
0.0954,0.0004,0.0026,0.0001,23.330000000000002,3.73,25.419999999999998,0.9299999999999999,MLP,47,2,KGroups_max,Fvalue,False,0:03:08.664342,0:03:10.211159,nci9
0.0026,0.0001,0.0021,0.0,21.67,4.5600000000000005,25.419999999999998,0.9299999999999999,GaussianNB,47,2,KGroups_max,Fvalue,False,0:03:08.664342,0:03:10.211159,nci9
0.0023,0.0001,0.004,0.0001,23.330000000000002,3.73,23.330000000000002,0.9299999999999999,KNeighbors,48,2,KGroups_max,Fvalue,False,0:03:08.664342,0:03:10.211159,nci9
0.0027,0.0001,0.0019,0.0,23.330000000000002,3.73,25.419999999999998,0.9299999999999999,LinearSVC,48,2,KGroups_max,Fvalue,False,0:03:08.664342,0:03:10.211159,nci9
0.1478,0.0007,0.0096,0.0,23.330000000000002,3.73,25.419999999999998,0.9299999999999999,RandomForest,48,2,KGroups_max,Fvalue,False,0:03:08.664342,0:03:10.211159,nci9
0.0568,0.0006,0.0042,0.0002,20.0,7.449999999999999,23.75,4.06,XGB,48,2,KGroups_max,Fvalue,False,0:03:08.664342,0:03:10.211159,nci9
0.0963,0.0002,0.0026,0.0,23.330000000000002,3.73,25.419999999999998,0.9299999999999999,MLP,48,2,KGroups_max,Fvalue,False,0:03:08.664342,0:03:10.211159,nci9
0.0026,0.0,0.0021,0.0,21.67,4.5600000000000005,25.419999999999998,0.9299999999999999,GaussianNB,48,2,KGroups_max,Fvalue,False,0:03:08.664342,0:03:10.211159,nci9
0.0023,0.0001,0.004,0.0001,23.330000000000002,3.73,23.330000000000002,0.9299999999999999,KNeighbors,49,2,KGroups_max,Fvalue,False,0:03:08.664342,0:03:10.211159,nci9
0.0027,0.0001,0.0018,0.0,23.330000000000002,3.73,25.419999999999998,0.9299999999999999,LinearSVC,49,2,KGroups_max,Fvalue,False,0:03:08.664342,0:03:10.211159,nci9
0.1478,0.0003,0.0097,0.0,23.330000000000002,3.73,25.419999999999998,0.9299999999999999,RandomForest,49,2,KGroups_max,Fvalue,False,0:03:08.664342,0:03:10.211159,nci9
0.0569,0.0003,0.0043,0.0001,20.0,7.449999999999999,23.75,4.06,XGB,49,2,KGroups_max,Fvalue,False,0:03:08.664342,0:03:10.211159,nci9
0.0961,0.0003,0.0025,0.0,23.330000000000002,3.73,25.419999999999998,0.9299999999999999,MLP,49,2,KGroups_max,Fvalue,False,0:03:08.664342,0:03:10.211159,nci9
0.0026,0.0,0.002,0.0,21.67,4.5600000000000005,25.419999999999998,0.9299999999999999,GaussianNB,49,2,KGroups_max,Fvalue,False,0:03:08.664342,0:03:10.211159,nci9
0.0023,0.0001,0.004,0.0001,23.330000000000002,3.73,23.330000000000002,0.9299999999999999,KNeighbors,50,2,KGroups_max,Fvalue,False,0:03:08.664342,0:03:10.211159,nci9
0.0027,0.0001,0.0019,0.0001,23.330000000000002,3.73,25.419999999999998,0.9299999999999999,LinearSVC,50,2,KGroups_max,Fvalue,False,0:03:08.664342,0:03:10.211159,nci9
0.1483,0.0004,0.0097,0.0,23.330000000000002,3.73,25.419999999999998,0.9299999999999999,RandomForest,50,2,KGroups_max,Fvalue,False,0:03:08.664342,0:03:10.211159,nci9
0.0571,0.0004,0.0043,0.0001,20.0,7.449999999999999,23.75,4.06,XGB,50,2,KGroups_max,Fvalue,False,0:03:08.664342,0:03:10.211159,nci9
0.0965,0.0002,0.0025,0.0,23.330000000000002,3.73,25.419999999999998,0.9299999999999999,MLP,50,2,KGroups_max,Fvalue,False,0:03:08.664342,0:03:10.211159,nci9
0.0026,0.0,0.002,0.0,21.67,4.5600000000000005,25.419999999999998,0.9299999999999999,GaussianNB,50,2,KGroups_max,Fvalue,False,0:03:08.664342,0:03:10.211159,nci9
0.0023,0.0001,0.004,0.0001,23.330000000000002,3.73,23.330000000000002,0.9299999999999999,KNeighbors,51,2,KGroups_max,Fvalue,False,0:03:08.664342,0:03:10.211159,nci9
0.0027,0.0001,0.0019,0.0,23.330000000000002,3.73,25.419999999999998,0.9299999999999999,LinearSVC,51,2,KGroups_max,Fvalue,False,0:03:08.664342,0:03:10.211159,nci9
0.1485,0.0003,0.0098,0.0001,23.330000000000002,3.73,25.419999999999998,0.9299999999999999,RandomForest,51,2,KGroups_max,Fvalue,False,0:03:08.664342,0:03:10.211159,nci9
0.0575,0.001,0.0043,0.0001,20.0,7.449999999999999,23.75,4.06,XGB,51,2,KGroups_max,Fvalue,False,0:03:08.664342,0:03:10.211159,nci9
0.0966,0.0004,0.0025,0.0,23.330000000000002,3.73,25.419999999999998,0.9299999999999999,MLP,51,2,KGroups_max,Fvalue,False,0:03:08.664342,0:03:10.211159,nci9
0.0026,0.0001,0.002,0.0,21.67,4.5600000000000005,25.419999999999998,0.9299999999999999,GaussianNB,51,2,KGroups_max,Fvalue,False,0:03:08.664342,0:03:10.211159,nci9
0.0022,0.0001,0.0039,0.0001,23.330000000000002,3.73,23.330000000000002,0.9299999999999999,KNeighbors,52,2,KGroups_max,Fvalue,False,0:03:08.664342,0:03:10.211159,nci9
0.0027,0.0,0.0018,0.0,23.330000000000002,3.73,25.419999999999998,0.9299999999999999,LinearSVC,52,2,KGroups_max,Fvalue,False,0:03:08.664342,0:03:10.211159,nci9
0.1474,0.0002,0.0096,0.0001,23.330000000000002,3.73,25.419999999999998,0.9299999999999999,RandomForest,52,2,KGroups_max,Fvalue,False,0:03:08.664342,0:03:10.211159,nci9
0.0561,0.0006,0.0042,0.0002,20.0,7.449999999999999,23.75,4.06,XGB,52,2,KGroups_max,Fvalue,False,0:03:08.664342,0:03:10.211159,nci9
0.0959,0.0003,0.0025,0.0,23.330000000000002,3.73,25.419999999999998,0.9299999999999999,MLP,52,2,KGroups_max,Fvalue,False,0:03:08.664342,0:03:10.211159,nci9
0.0026,0.0001,0.002,0.0,21.67,4.5600000000000005,25.419999999999998,0.9299999999999999,GaussianNB,52,2,KGroups_max,Fvalue,False,0:03:08.664342,0:03:10.211159,nci9
0.0022,0.0001,0.0039,0.0001,23.330000000000002,3.73,23.330000000000002,0.9299999999999999,KNeighbors,53,2,KGroups_max,Fvalue,False,0:03:08.664342,0:03:10.211159,nci9
0.0026,0.0001,0.0018,0.0,23.330000000000002,3.73,25.419999999999998,0.9299999999999999,LinearSVC,53,2,KGroups_max,Fvalue,False,0:03:08.664342,0:03:10.211159,nci9
0.1473,0.0003,0.0095,0.0,23.330000000000002,3.73,25.419999999999998,0.9299999999999999,RandomForest,53,2,KGroups_max,Fvalue,False,0:03:08.664342,0:03:10.211159,nci9
0.0562,0.0006,0.0041,0.0001,20.0,7.449999999999999,23.75,4.06,XGB,53,2,KGroups_max,Fvalue,False,0:03:08.664342,0:03:10.211159,nci9
0.0956,0.0004,0.0025,0.0,23.330000000000002,3.73,25.419999999999998,0.9299999999999999,MLP,53,2,KGroups_max,Fvalue,False,0:03:08.664342,0:03:10.211159,nci9
0.0025,0.0,0.002,0.0,21.67,4.5600000000000005,25.419999999999998,0.9299999999999999,GaussianNB,53,2,KGroups_max,Fvalue,False,0:03:08.664342,0:03:10.211159,nci9
0.0022,0.0001,0.0038,0.0001,23.330000000000002,3.73,23.330000000000002,0.9299999999999999,KNeighbors,54,2,KGroups_max,Fvalue,False,0:03:08.664342,0:03:10.211159,nci9
0.0026,0.0001,0.0018,0.0,23.330000000000002,3.73,25.419999999999998,0.9299999999999999,LinearSVC,54,2,KGroups_max,Fvalue,False,0:03:08.664342,0:03:10.211159,nci9
0.1467,0.0004,0.0095,0.0001,23.330000000000002,3.73,25.419999999999998,0.9299999999999999,RandomForest,54,2,KGroups_max,Fvalue,False,0:03:08.664342,0:03:10.211159,nci9
0.0557,0.0004,0.0041,0.0001,20.0,7.449999999999999,23.75,4.06,XGB,54,2,KGroups_max,Fvalue,False,0:03:08.664342,0:03:10.211159,nci9
0.0955,0.0002,0.0025,0.0,23.330000000000002,3.73,25.419999999999998,0.9299999999999999,MLP,54,2,KGroups_max,Fvalue,False,0:03:08.664342,0:03:10.211159,nci9
0.0025,0.0,0.002,0.0,21.67,4.5600000000000005,25.419999999999998,0.9299999999999999,GaussianNB,54,2,KGroups_max,Fvalue,False,0:03:08.664342,0:03:10.211159,nci9
0.0022,0.0001,0.0039,0.0001,23.330000000000002,3.73,23.330000000000002,0.9299999999999999,KNeighbors,55,2,KGroups_max,Fvalue,False,0:03:08.664342,0:03:10.211159,nci9
0.0026,0.0,0.0018,0.0,23.330000000000002,3.73,25.419999999999998,0.9299999999999999,LinearSVC,55,2,KGroups_max,Fvalue,False,0:03:08.664342,0:03:10.211159,nci9
0.1469,0.0003,0.0096,0.0001,23.330000000000002,3.73,25.419999999999998,0.9299999999999999,RandomForest,55,2,KGroups_max,Fvalue,False,0:03:08.664342,0:03:10.211159,nci9
0.0556,0.0006,0.0041,0.0001,20.0,7.449999999999999,23.75,4.06,XGB,55,2,KGroups_max,Fvalue,False,0:03:08.664342,0:03:10.211159,nci9
0.0956,0.0006,0.0025,0.0,23.330000000000002,3.73,25.419999999999998,0.9299999999999999,MLP,55,2,KGroups_max,Fvalue,False,0:03:08.664342,0:03:10.211159,nci9
0.0025,0.0,0.002,0.0,21.67,4.5600000000000005,25.419999999999998,0.9299999999999999,GaussianNB,55,2,KGroups_max,Fvalue,False,0:03:08.664342,0:03:10.211159,nci9
0.0021,0.0001,0.0038,0.0001,23.330000000000002,3.73,23.330000000000002,0.9299999999999999,KNeighbors,56,2,KGroups_max,Fvalue,False,0:03:08.664342,0:03:10.211159,nci9
0.0026,0.0,0.0018,0.0,23.330000000000002,3.73,25.419999999999998,0.9299999999999999,LinearSVC,56,2,KGroups_max,Fvalue,False,0:03:08.664342,0:03:10.211159,nci9
0.1464,0.0004,0.0095,0.0001,23.330000000000002,3.73,25.419999999999998,0.9299999999999999,RandomForest,56,2,KGroups_max,Fvalue,False,0:03:08.664342,0:03:10.211159,nci9
0.0551,0.0003,0.004,0.0001,20.0,7.449999999999999,23.75,4.06,XGB,56,2,KGroups_max,Fvalue,False,0:03:08.664342,0:03:10.211159,nci9
0.0957,0.0001,0.0025,0.0001,23.330000000000002,3.73,25.419999999999998,0.9299999999999999,MLP,56,2,KGroups_max,Fvalue,False,0:03:08.664342,0:03:10.211159,nci9
0.0025,0.0,0.002,0.0,21.67,4.5600000000000005,25.419999999999998,0.9299999999999999,GaussianNB,56,2,KGroups_max,Fvalue,False,0:03:08.664342,0:03:10.211159,nci9
0.0021,0.0001,0.0037,0.0001,23.330000000000002,3.73,23.330000000000002,0.9299999999999999,KNeighbors,57,2,KGroups_max,Fvalue,False,0:03:08.664342,0:03:10.211159,nci9
0.0026,0.0,0.0018,0.0,23.330000000000002,3.73,25.419999999999998,0.9299999999999999,LinearSVC,57,2,KGroups_max,Fvalue,False,0:03:08.664342,0:03:10.211159,nci9
0.1467,0.0003,0.0095,0.0,23.330000000000002,3.73,25.419999999999998,0.9299999999999999,RandomForest,57,2,KGroups_max,Fvalue,False,0:03:08.664342,0:03:10.211159,nci9
0.0544,0.0008,0.004,0.0001,20.0,7.449999999999999,23.75,4.06,XGB,57,2,KGroups_max,Fvalue,False,0:03:08.664342,0:03:10.211159,nci9
0.0956,0.0009,0.0025,0.0,23.330000000000002,3.73,25.419999999999998,0.9299999999999999,MLP,57,2,KGroups_max,Fvalue,False,0:03:08.664342,0:03:10.211159,nci9
0.0025,0.0,0.002,0.0,21.67,4.5600000000000005,25.419999999999998,0.9299999999999999,GaussianNB,57,2,KGroups_max,Fvalue,False,0:03:08.664342,0:03:10.211159,nci9
0.002,0.0001,0.0036,0.0001,23.330000000000002,3.73,23.330000000000002,0.9299999999999999,KNeighbors,58,2,KGroups_max,Fvalue,False,0:03:08.664342,0:03:10.211159,nci9
0.0025,0.0001,0.0018,0.0,23.330000000000002,3.73,25.419999999999998,0.9299999999999999,LinearSVC,58,2,KGroups_max,Fvalue,False,0:03:08.664342,0:03:10.211159,nci9
0.1464,0.0002,0.0094,0.0,23.330000000000002,3.73,25.419999999999998,0.9299999999999999,RandomForest,58,2,KGroups_max,Fvalue,False,0:03:08.664342,0:03:10.211159,nci9
0.0534,0.0006,0.0039,0.0001,20.0,7.449999999999999,23.75,4.06,XGB,58,2,KGroups_max,Fvalue,False,0:03:08.664342,0:03:10.211159,nci9
0.0952,0.0004,0.0024,0.0,23.330000000000002,3.73,25.419999999999998,0.9299999999999999,MLP,58,2,KGroups_max,Fvalue,False,0:03:08.664342,0:03:10.211159,nci9
0.0025,0.0,0.002,0.0,21.67,4.5600000000000005,25.419999999999998,0.9299999999999999,GaussianNB,58,2,KGroups_max,Fvalue,False,0:03:08.664342,0:03:10.211159,nci9
0.002,0.0001,0.0036,0.0001,23.330000000000002,3.73,23.330000000000002,0.9299999999999999,KNeighbors,59,2,KGroups_max,Fvalue,False,0:03:08.664342,0:03:10.211159,nci9
0.0025,0.0001,0.0018,0.0,23.330000000000002,3.73,25.419999999999998,0.9299999999999999,LinearSVC,59,2,KGroups_max,Fvalue,False,0:03:08.664342,0:03:10.211159,nci9
0.146,0.0002,0.0094,0.0,23.330000000000002,3.73,25.419999999999998,0.9299999999999999,RandomForest,59,2,KGroups_max,Fvalue,False,0:03:08.664342,0:03:10.211159,nci9
0.0547,0.0023,0.0039,0.0006,20.0,7.449999999999999,23.75,4.06,XGB,59,2,KGroups_max,Fvalue,False,0:03:08.664342,0:03:10.211159,nci9
0.0968,0.0003,0.0026,0.0,23.330000000000002,3.73,25.419999999999998,0.9299999999999999,MLP,59,2,KGroups_max,Fvalue,False,0:03:08.664342,0:03:10.211159,nci9
0.0026,0.0001,0.002,0.0,21.67,4.5600000000000005,25.419999999999998,0.9299999999999999,GaussianNB,59,2,KGroups_max,Fvalue,False,0:03:08.664342,0:03:10.211159,nci9
0.0023,0.0001,0.0041,0.0001,23.330000000000002,3.73,23.330000000000002,0.9299999999999999,KNeighbors,60,2,KGroups_max,Fvalue,False,0:03:08.664342,0:03:10.211159,nci9
0.0027,0.0001,0.0019,0.0001,23.330000000000002,3.73,25.419999999999998,0.9299999999999999,LinearSVC,60,2,KGroups_max,Fvalue,False,0:03:08.664342,0:03:10.211159,nci9
0.1485,0.0002,0.0098,0.0,23.330000000000002,3.73,25.419999999999998,0.9299999999999999,RandomForest,60,2,KGroups_max,Fvalue,False,0:03:08.664342,0:03:10.211159,nci9
0.0578,0.0006,0.0043,0.0002,20.0,7.449999999999999,23.75,4.06,XGB,60,2,KGroups_max,Fvalue,False,0:03:08.664342,0:03:10.211159,nci9
0.0963,0.0004,0.0026,0.0,23.330000000000002,3.73,25.419999999999998,0.9299999999999999,MLP,60,2,KGroups_max,Fvalue,False,0:03:08.664342,0:03:10.211159,nci9
0.0026,0.0001,0.0021,0.0001,21.67,4.5600000000000005,25.419999999999998,0.9299999999999999,GaussianNB,60,2,KGroups_max,Fvalue,False,0:03:08.664342,0:03:10.211159,nci9
0.0023,0.0001,0.004,0.0001,23.330000000000002,3.73,23.330000000000002,0.9299999999999999,KNeighbors,61,2,KGroups_max,Fvalue,False,0:03:08.664342,0:03:10.211159,nci9
0.0028,0.0001,0.0019,0.0,23.330000000000002,3.73,25.419999999999998,0.9299999999999999,LinearSVC,61,2,KGroups_max,Fvalue,False,0:03:08.664342,0:03:10.211159,nci9
0.1479,0.0004,0.0097,0.0001,23.330000000000002,3.73,25.419999999999998,0.9299999999999999,RandomForest,61,2,KGroups_max,Fvalue,False,0:03:08.664342,0:03:10.211159,nci9
0.0573,0.0006,0.0043,0.0001,20.0,7.449999999999999,23.75,4.06,XGB,61,2,KGroups_max,Fvalue,False,0:03:08.664342,0:03:10.211159,nci9
0.0969,0.0002,0.0026,0.0,23.330000000000002,3.73,25.419999999999998,0.9299999999999999,MLP,61,2,KGroups_max,Fvalue,False,0:03:08.664342,0:03:10.211159,nci9
0.0026,0.0001,0.0021,0.0,21.67,4.5600000000000005,25.419999999999998,0.9299999999999999,GaussianNB,61,2,KGroups_max,Fvalue,False,0:03:08.664342,0:03:10.211159,nci9
0.0023,0.0001,0.004,0.0001,23.330000000000002,3.73,23.330000000000002,0.9299999999999999,KNeighbors,62,2,KGroups_max,Fvalue,False,0:03:08.664342,0:03:10.211159,nci9
0.0027,0.0001,0.0019,0.0,23.330000000000002,3.73,25.419999999999998,0.9299999999999999,LinearSVC,62,2,KGroups_max,Fvalue,False,0:03:08.664342,0:03:10.211159,nci9
0.1485,0.0001,0.0098,0.0001,23.330000000000002,3.73,25.419999999999998,0.9299999999999999,RandomForest,62,2,KGroups_max,Fvalue,False,0:03:08.664342,0:03:10.211159,nci9
0.0571,0.0009,0.0043,0.0001,20.0,7.449999999999999,23.75,4.06,XGB,62,2,KGroups_max,Fvalue,False,0:03:08.664342,0:03:10.211159,nci9
0.0964,0.0003,0.0026,0.0,23.330000000000002,3.73,25.419999999999998,0.9299999999999999,MLP,62,2,KGroups_max,Fvalue,False,0:03:08.664342,0:03:10.211159,nci9
0.0026,0.0001,0.0021,0.0,21.67,4.5600000000000005,25.419999999999998,0.9299999999999999,GaussianNB,62,2,KGroups_max,Fvalue,False,0:03:08.664342,0:03:10.211159,nci9
0.0022,0.0001,0.0039,0.0001,23.330000000000002,3.73,23.330000000000002,0.9299999999999999,KNeighbors,63,2,KGroups_max,Fvalue,False,0:03:08.664342,0:03:10.211159,nci9
0.0026,0.0,0.0018,0.0,23.330000000000002,3.73,25.419999999999998,0.9299999999999999,LinearSVC,63,2,KGroups_max,Fvalue,False,0:03:08.664342,0:03:10.211159,nci9
0.147,0.0002,0.0096,0.0001,23.330000000000002,3.73,25.419999999999998,0.9299999999999999,RandomForest,63,2,KGroups_max,Fvalue,False,0:03:08.664342,0:03:10.211159,nci9
0.0562,0.0003,0.0041,0.0001,20.0,7.449999999999999,23.75,4.06,XGB,63,2,KGroups_max,Fvalue,False,0:03:08.664342,0:03:10.211159,nci9
0.0957,0.0001,0.0025,0.0,23.330000000000002,3.73,25.419999999999998,0.9299999999999999,MLP,63,2,KGroups_max,Fvalue,False,0:03:08.664342,0:03:10.211159,nci9
0.0026,0.0001,0.002,0.0,21.67,4.5600000000000005,25.419999999999998,0.9299999999999999,GaussianNB,63,2,KGroups_max,Fvalue,False,0:03:08.664342,0:03:10.211159,nci9
0.0022,0.0001,0.0039,0.0001,23.330000000000002,3.73,23.330000000000002,0.9299999999999999,KNeighbors,64,2,KGroups_max,Fvalue,False,0:03:08.664342,0:03:10.211159,nci9
0.0027,0.0001,0.0019,0.0,23.330000000000002,3.73,25.419999999999998,0.9299999999999999,LinearSVC,64,2,KGroups_max,Fvalue,False,0:03:08.664342,0:03:10.211159,nci9
0.1482,0.0003,0.0097,0.0,23.330000000000002,3.73,25.419999999999998,0.9299999999999999,RandomForest,64,2,KGroups_max,Fvalue,False,0:03:08.664342,0:03:10.211159,nci9
0.0575,0.0007,0.0043,0.0002,20.0,7.449999999999999,23.75,4.06,XGB,64,2,KGroups_max,Fvalue,False,0:03:08.664342,0:03:10.211159,nci9
0.0959,0.0003,0.0026,0.0,23.330000000000002,3.73,25.419999999999998,0.9299999999999999,MLP,64,2,KGroups_max,Fvalue,False,0:03:08.664342,0:03:10.211159,nci9
0.0026,0.0,0.0021,0.0,21.67,4.5600000000000005,25.419999999999998,0.9299999999999999,GaussianNB,64,2,KGroups_max,Fvalue,False,0:03:08.664342,0:03:10.211159,nci9
0.0023,0.0001,0.004,0.0001,23.330000000000002,3.73,23.330000000000002,0.9299999999999999,KNeighbors,65,2,KGroups_max,Fvalue,False,0:03:08.664342,0:03:10.211159,nci9
0.0027,0.0001,0.0019,0.0,23.330000000000002,3.73,25.419999999999998,0.9299999999999999,LinearSVC,65,2,KGroups_max,Fvalue,False,0:03:08.664342,0:03:10.211159,nci9
0.1485,0.0002,0.0097,0.0,23.330000000000002,3.73,25.419999999999998,0.9299999999999999,RandomForest,65,2,KGroups_max,Fvalue,False,0:03:08.664342,0:03:10.211159,nci9
0.0575,0.0003,0.0043,0.0002,20.0,7.449999999999999,23.75,4.06,XGB,65,2,KGroups_max,Fvalue,False,0:03:08.664342,0:03:10.211159,nci9
0.0968,0.0004,0.0025,0.0001,23.330000000000002,3.73,25.419999999999998,0.9299999999999999,MLP,65,2,KGroups_max,Fvalue,False,0:03:08.664342,0:03:10.211159,nci9
0.0026,0.0001,0.002,0.0,21.67,4.5600000000000005,25.419999999999998,0.9299999999999999,GaussianNB,65,2,KGroups_max,Fvalue,False,0:03:08.664342,0:03:10.211159,nci9
0.0023,0.0001,0.0041,0.0001,23.330000000000002,3.73,23.330000000000002,0.9299999999999999,KNeighbors,66,2,KGroups_max,Fvalue,False,0:03:08.664342,0:03:10.211159,nci9
0.0027,0.0001,0.0019,0.0001,23.330000000000002,3.73,25.419999999999998,0.9299999999999999,LinearSVC,66,2,KGroups_max,Fvalue,False,0:03:08.664342,0:03:10.211159,nci9
0.1481,0.0003,0.0097,0.0001,23.330000000000002,3.73,25.419999999999998,0.9299999999999999,RandomForest,66,2,KGroups_max,Fvalue,False,0:03:08.664342,0:03:10.211159,nci9
0.0578,0.0009,0.0043,0.0001,20.0,7.449999999999999,23.75,4.06,XGB,66,2,KGroups_max,Fvalue,False,0:03:08.664342,0:03:10.211159,nci9
0.0965,0.0004,0.0025,0.0001,23.330000000000002,3.73,25.419999999999998,0.9299999999999999,MLP,66,2,KGroups_max,Fvalue,False,0:03:08.664342,0:03:10.211159,nci9
0.0026,0.0,0.0021,0.0001,21.67,4.5600000000000005,25.419999999999998,0.9299999999999999,GaussianNB,66,2,KGroups_max,Fvalue,False,0:03:08.664342,0:03:10.211159,nci9
0.0023,0.0001,0.004,0.0001,23.330000000000002,3.73,23.330000000000002,0.9299999999999999,KNeighbors,67,2,KGroups_max,Fvalue,False,0:03:08.664342,0:03:10.211159,nci9
0.0027,0.0001,0.0019,0.0,23.330000000000002,3.73,25.419999999999998,0.9299999999999999,LinearSVC,67,2,KGroups_max,Fvalue,False,0:03:08.664342,0:03:10.211159,nci9
0.1483,0.0004,0.0097,0.0001,23.330000000000002,3.73,25.419999999999998,0.9299999999999999,RandomForest,67,2,KGroups_max,Fvalue,False,0:03:08.664342,0:03:10.211159,nci9
0.0571,0.0006,0.0043,0.0001,20.0,7.449999999999999,23.75,4.06,XGB,67,2,KGroups_max,Fvalue,False,0:03:08.664342,0:03:10.211159,nci9
0.0965,0.0003,0.0026,0.0,23.330000000000002,3.73,25.419999999999998,0.9299999999999999,MLP,67,2,KGroups_max,Fvalue,False,0:03:08.664342,0:03:10.211159,nci9
0.0026,0.0001,0.002,0.0,21.67,4.5600000000000005,25.419999999999998,0.9299999999999999,GaussianNB,67,2,KGroups_max,Fvalue,False,0:03:08.664342,0:03:10.211159,nci9
0.0023,0.0001,0.004,0.0001,23.330000000000002,3.73,23.330000000000002,0.9299999999999999,KNeighbors,68,2,KGroups_max,Fvalue,False,0:03:08.664342,0:03:10.211159,nci9
0.0027,0.0001,0.0019,0.0001,23.330000000000002,3.73,25.419999999999998,0.9299999999999999,LinearSVC,68,2,KGroups_max,Fvalue,False,0:03:08.664342,0:03:10.211159,nci9
0.1482,0.0004,0.0097,0.0,23.330000000000002,3.73,25.419999999999998,0.9299999999999999,RandomForest,68,2,KGroups_max,Fvalue,False,0:03:08.664342,0:03:10.211159,nci9
0.0575,0.0004,0.0043,0.0001,20.0,7.449999999999999,23.75,4.06,XGB,68,2,KGroups_max,Fvalue,False,0:03:08.664342,0:03:10.211159,nci9
0.0964,0.0002,0.0025,0.0001,23.330000000000002,3.73,25.419999999999998,0.9299999999999999,MLP,68,2,KGroups_max,Fvalue,False,0:03:08.664342,0:03:10.211159,nci9
0.0026,0.0001,0.0021,0.0,21.67,4.5600000000000005,25.419999999999998,0.9299999999999999,GaussianNB,68,2,KGroups_max,Fvalue,False,0:03:08.664342,0:03:10.211159,nci9
0.0023,0.0001,0.004,0.0001,23.330000000000002,3.73,23.330000000000002,0.9299999999999999,KNeighbors,69,2,KGroups_max,Fvalue,False,0:03:08.664342,0:03:10.211159,nci9
0.0027,0.0001,0.0019,0.0001,23.330000000000002,3.73,25.419999999999998,0.9299999999999999,LinearSVC,69,2,KGroups_max,Fvalue,False,0:03:08.664342,0:03:10.211159,nci9
0.1487,0.0001,0.0097,0.0,23.330000000000002,3.73,25.419999999999998,0.9299999999999999,RandomForest,69,2,KGroups_max,Fvalue,False,0:03:08.664342,0:03:10.211159,nci9
0.0575,0.0006,0.0043,0.0001,20.0,7.449999999999999,23.75,4.06,XGB,69,2,KGroups_max,Fvalue,False,0:03:08.664342,0:03:10.211159,nci9
0.0959,0.0003,0.0025,0.0,23.330000000000002,3.73,25.419999999999998,0.9299999999999999,MLP,69,2,KGroups_max,Fvalue,False,0:03:08.664342,0:03:10.211159,nci9
0.0026,0.0,0.0021,0.0,21.67,4.5600000000000005,25.419999999999998,0.9299999999999999,GaussianNB,69,2,KGroups_max,Fvalue,False,0:03:08.664342,0:03:10.211159,nci9
0.0023,0.0001,0.004,0.0001,23.330000000000002,3.73,23.330000000000002,0.9299999999999999,KNeighbors,70,2,KGroups_max,Fvalue,False,0:03:08.664342,0:03:10.211159,nci9
0.0027,0.0001,0.0019,0.0,23.330000000000002,3.73,25.419999999999998,0.9299999999999999,LinearSVC,70,2,KGroups_max,Fvalue,False,0:03:08.664342,0:03:10.211159,nci9
0.1477,0.0003,0.0097,0.0,23.330000000000002,3.73,25.419999999999998,0.9299999999999999,RandomForest,70,2,KGroups_max,Fvalue,False,0:03:08.664342,0:03:10.211159,nci9
0.057,0.0002,0.0042,0.0001,20.0,7.449999999999999,23.75,4.06,XGB,70,2,KGroups_max,Fvalue,False,0:03:08.664342,0:03:10.211159,nci9
0.0958,0.0005,0.0025,0.0,23.330000000000002,3.73,25.419999999999998,0.9299999999999999,MLP,70,2,KGroups_max,Fvalue,False,0:03:08.664342,0:03:10.211159,nci9
0.0026,0.0,0.002,0.0,21.67,4.5600000000000005,25.419999999999998,0.9299999999999999,GaussianNB,70,2,KGroups_max,Fvalue,False,0:03:08.664342,0:03:10.211159,nci9
0.0022,0.0001,0.0039,0.0001,23.330000000000002,3.73,23.330000000000002,0.9299999999999999,KNeighbors,71,2,KGroups_max,Fvalue,False,0:03:08.664342,0:03:10.211159,nci9
0.0026,0.0,0.0018,0.0,23.330000000000002,3.73,25.419999999999998,0.9299999999999999,LinearSVC,71,2,KGroups_max,Fvalue,False,0:03:08.664342,0:03:10.211159,nci9
0.147,0.0003,0.0096,0.0,23.330000000000002,3.73,25.419999999999998,0.9299999999999999,RandomForest,71,2,KGroups_max,Fvalue,False,0:03:08.664342,0:03:10.211159,nci9
0.056,0.0004,0.0042,0.0001,20.0,7.449999999999999,23.75,4.06,XGB,71,2,KGroups_max,Fvalue,False,0:03:08.664342,0:03:10.211159,nci9
0.0956,0.0003,0.0025,0.0,23.330000000000002,3.73,25.419999999999998,0.9299999999999999,MLP,71,2,KGroups_max,Fvalue,False,0:03:08.664342,0:03:10.211159,nci9
0.0026,0.0,0.002,0.0,21.67,4.5600000000000005,25.419999999999998,0.9299999999999999,GaussianNB,71,2,KGroups_max,Fvalue,False,0:03:08.664342,0:03:10.211159,nci9
0.0022,0.0001,0.0038,0.0001,23.330000000000002,3.73,23.330000000000002,0.9299999999999999,KNeighbors,72,2,KGroups_max,Fvalue,False,0:03:08.664342,0:03:10.211159,nci9
0.0026,0.0,0.0018,0.0,23.330000000000002,3.73,25.419999999999998,0.9299999999999999,LinearSVC,72,2,KGroups_max,Fvalue,False,0:03:08.664342,0:03:10.211159,nci9
0.1472,0.0002,0.0096,0.0001,23.330000000000002,3.73,25.419999999999998,0.9299999999999999,RandomForest,72,2,KGroups_max,Fvalue,False,0:03:08.664342,0:03:10.211159,nci9
0.056,0.0005,0.0041,0.0001,20.0,7.449999999999999,23.75,4.06,XGB,72,2,KGroups_max,Fvalue,False,0:03:08.664342,0:03:10.211159,nci9
0.0957,0.0002,0.0025,0.0,23.330000000000002,3.73,25.419999999999998,0.9299999999999999,MLP,72,2,KGroups_max,Fvalue,False,0:03:08.664342,0:03:10.211159,nci9
0.0025,0.0,0.002,0.0,21.67,4.5600000000000005,25.419999999999998,0.9299999999999999,GaussianNB,72,2,KGroups_max,Fvalue,False,0:03:08.664342,0:03:10.211159,nci9
0.0021,0.0001,0.0038,0.0001,23.330000000000002,3.73,23.330000000000002,0.9299999999999999,KNeighbors,73,2,KGroups_max,Fvalue,False,0:03:08.664342,0:03:10.211159,nci9
0.0026,0.0001,0.0018,0.0,23.330000000000002,3.73,25.419999999999998,0.9299999999999999,LinearSVC,73,2,KGroups_max,Fvalue,False,0:03:08.664342,0:03:10.211159,nci9
0.1475,0.0008,0.0096,0.0001,23.330000000000002,3.73,25.419999999999998,0.9299999999999999,RandomForest,73,2,KGroups_max,Fvalue,False,0:03:08.664342,0:03:10.211159,nci9
0.0556,0.0003,0.0041,0.0001,20.0,7.449999999999999,23.75,4.06,XGB,73,2,KGroups_max,Fvalue,False,0:03:08.664342,0:03:10.211159,nci9
0.0948,0.0001,0.0025,0.0001,23.330000000000002,3.73,25.419999999999998,0.9299999999999999,MLP,73,2,KGroups_max,Fvalue,False,0:03:08.664342,0:03:10.211159,nci9
0.0025,0.0,0.002,0.0,21.67,4.5600000000000005,25.419999999999998,0.9299999999999999,GaussianNB,73,2,KGroups_max,Fvalue,False,0:03:08.664342,0:03:10.211159,nci9
0.0021,0.0001,0.0038,0.0001,23.330000000000002,3.73,23.330000000000002,0.9299999999999999,KNeighbors,74,2,KGroups_max,Fvalue,False,0:03:08.664342,0:03:10.211159,nci9
0.0026,0.0,0.0018,0.0001,23.330000000000002,3.73,25.419999999999998,0.9299999999999999,LinearSVC,74,2,KGroups_max,Fvalue,False,0:03:08.664342,0:03:10.211159,nci9
0.1461,0.0004,0.0095,0.0,23.330000000000002,3.73,25.419999999999998,0.9299999999999999,RandomForest,74,2,KGroups_max,Fvalue,False,0:03:08.664342,0:03:10.211159,nci9
0.0544,0.0003,0.004,0.0001,20.0,7.449999999999999,23.75,4.06,XGB,74,2,KGroups_max,Fvalue,False,0:03:08.664342,0:03:10.211159,nci9
0.0955,0.0001,0.0024,0.0001,23.330000000000002,3.73,25.419999999999998,0.9299999999999999,MLP,74,2,KGroups_max,Fvalue,False,0:03:08.664342,0:03:10.211159,nci9
0.0025,0.0,0.002,0.0,21.67,4.5600000000000005,25.419999999999998,0.9299999999999999,GaussianNB,74,2,KGroups_max,Fvalue,False,0:03:08.664342,0:03:10.211159,nci9
0.0021,0.0001,0.0037,0.0001,23.330000000000002,3.73,23.330000000000002,0.9299999999999999,KNeighbors,75,2,KGroups_max,Fvalue,False,0:03:08.664342,0:03:10.211159,nci9
0.0026,0.0001,0.0018,0.0,23.330000000000002,3.73,25.419999999999998,0.9299999999999999,LinearSVC,75,2,KGroups_max,Fvalue,False,0:03:08.664342,0:03:10.211159,nci9
0.1465,0.0004,0.0093,0.0005,23.330000000000002,3.73,25.419999999999998,0.9299999999999999,RandomForest,75,2,KGroups_max,Fvalue,False,0:03:08.664342,0:03:10.211159,nci9
0.0541,0.0005,0.004,0.0001,20.0,7.449999999999999,23.75,4.06,XGB,75,2,KGroups_max,Fvalue,False,0:03:08.664342,0:03:10.211159,nci9
0.0955,0.0003,0.0025,0.0,23.330000000000002,3.73,25.419999999999998,0.9299999999999999,MLP,75,2,KGroups_max,Fvalue,False,0:03:08.664342,0:03:10.211159,nci9
0.0025,0.0,0.002,0.0,21.67,4.5600000000000005,25.419999999999998,0.9299999999999999,GaussianNB,75,2,KGroups_max,Fvalue,False,0:03:08.664342,0:03:10.211159,nci9
0.0021,0.0001,0.0036,0.0001,23.330000000000002,3.73,23.330000000000002,0.9299999999999999,KNeighbors,76,2,KGroups_max,Fvalue,False,0:03:08.664342,0:03:10.211159,nci9
0.0025,0.0001,0.0018,0.0,23.330000000000002,3.73,25.419999999999998,0.9299999999999999,LinearSVC,76,2,KGroups_max,Fvalue,False,0:03:08.664342,0:03:10.211159,nci9
0.1467,0.0005,0.0095,0.0,23.330000000000002,3.73,25.419999999999998,0.9299999999999999,RandomForest,76,2,KGroups_max,Fvalue,False,0:03:08.664342,0:03:10.211159,nci9
0.0535,0.0003,0.0039,0.0001,20.0,7.449999999999999,23.75,4.06,XGB,76,2,KGroups_max,Fvalue,False,0:03:08.664342,0:03:10.211159,nci9
0.0949,0.0003,0.0024,0.0001,23.330000000000002,3.73,25.419999999999998,0.9299999999999999,MLP,76,2,KGroups_max,Fvalue,False,0:03:08.664342,0:03:10.211159,nci9
0.0025,0.0,0.002,0.0,21.67,4.5600000000000005,25.419999999999998,0.9299999999999999,GaussianNB,76,2,KGroups_max,Fvalue,False,0:03:08.664342,0:03:10.211159,nci9
0.002,0.0001,0.0036,0.0001,23.330000000000002,3.73,23.330000000000002,0.9299999999999999,KNeighbors,77,2,KGroups_max,Fvalue,False,0:03:08.664342,0:03:10.211159,nci9
0.0025,0.0001,0.0018,0.0,23.330000000000002,3.73,25.419999999999998,0.9299999999999999,LinearSVC,77,2,KGroups_max,Fvalue,False,0:03:08.664342,0:03:10.211159,nci9
0.1465,0.0003,0.0094,0.0,23.330000000000002,3.73,25.419999999999998,0.9299999999999999,RandomForest,77,2,KGroups_max,Fvalue,False,0:03:08.664342,0:03:10.211159,nci9
0.0532,0.0005,0.0038,0.0001,20.0,7.449999999999999,23.75,4.06,XGB,77,2,KGroups_max,Fvalue,False,0:03:08.664342,0:03:10.211159,nci9
0.0954,0.0003,0.0024,0.0,23.330000000000002,3.73,25.419999999999998,0.9299999999999999,MLP,77,2,KGroups_max,Fvalue,False,0:03:08.664342,0:03:10.211159,nci9
0.0025,0.0,0.002,0.0,21.67,4.5600000000000005,25.419999999999998,0.9299999999999999,GaussianNB,77,2,KGroups_max,Fvalue,False,0:03:08.664342,0:03:10.211159,nci9
0.0023,0.0002,0.0041,0.0002,23.330000000000002,3.73,23.330000000000002,0.9299999999999999,KNeighbors,78,2,KGroups_max,Fvalue,False,0:03:08.664342,0:03:10.211159,nci9
0.0027,0.0001,0.0019,0.0,23.330000000000002,3.73,25.419999999999998,0.9299999999999999,LinearSVC,78,2,KGroups_max,Fvalue,False,0:03:08.664342,0:03:10.211159,nci9
0.1491,0.0001,0.0098,0.0,23.330000000000002,3.73,25.419999999999998,0.9299999999999999,RandomForest,78,2,KGroups_max,Fvalue,False,0:03:08.664342,0:03:10.211159,nci9
0.0577,0.0005,0.0043,0.0001,20.0,7.449999999999999,23.75,4.06,XGB,78,2,KGroups_max,Fvalue,False,0:03:08.664342,0:03:10.211159,nci9
0.0971,0.0003,0.0026,0.0,23.330000000000002,3.73,25.419999999999998,0.9299999999999999,MLP,78,2,KGroups_max,Fvalue,False,0:03:08.664342,0:03:10.211159,nci9
0.0026,0.0,0.0021,0.0,21.67,4.5600000000000005,25.419999999999998,0.9299999999999999,GaussianNB,78,2,KGroups_max,Fvalue,False,0:03:08.664342,0:03:10.211159,nci9
0.0023,0.0001,0.0041,0.0001,23.330000000000002,3.73,23.330000000000002,0.9299999999999999,KNeighbors,79,2,KGroups_max,Fvalue,False,0:03:08.664342,0:03:10.211159,nci9
0.0027,0.0001,0.0019,0.0001,23.330000000000002,3.73,25.419999999999998,0.9299999999999999,LinearSVC,79,2,KGroups_max,Fvalue,False,0:03:08.664342,0:03:10.211159,nci9
0.1483,0.0003,0.0097,0.0,23.330000000000002,3.73,25.419999999999998,0.9299999999999999,RandomForest,79,2,KGroups_max,Fvalue,False,0:03:08.664342,0:03:10.211159,nci9
0.058,0.0009,0.0043,0.0001,20.0,7.449999999999999,23.75,4.06,XGB,79,2,KGroups_max,Fvalue,False,0:03:08.664342,0:03:10.211159,nci9
0.0965,0.0002,0.0026,0.0,23.330000000000002,3.73,25.419999999999998,0.9299999999999999,MLP,79,2,KGroups_max,Fvalue,False,0:03:08.664342,0:03:10.211159,nci9
0.0027,0.0001,0.0021,0.0,21.67,4.5600000000000005,25.419999999999998,0.9299999999999999,GaussianNB,79,2,KGroups_max,Fvalue,False,0:03:08.664342,0:03:10.211159,nci9
0.0023,0.0001,0.004,0.0001,23.330000000000002,3.73,23.330000000000002,0.9299999999999999,KNeighbors,80,2,KGroups_max,Fvalue,False,0:03:08.664342,0:03:10.211159,nci9
0.0028,0.0001,0.0019,0.0,23.330000000000002,3.73,25.419999999999998,0.9299999999999999,LinearSVC,80,2,KGroups_max,Fvalue,False,0:03:08.664342,0:03:10.211159,nci9
0.1486,0.0004,0.0098,0.0,23.330000000000002,3.73,25.419999999999998,0.9299999999999999,RandomForest,80,2,KGroups_max,Fvalue,False,0:03:08.664342,0:03:10.211159,nci9
0.058,0.0008,0.0043,0.0002,20.0,7.449999999999999,23.75,4.06,XGB,80,2,KGroups_max,Fvalue,False,0:03:08.664342,0:03:10.211159,nci9
0.0969,0.0005,0.0026,0.0001,23.330000000000002,3.73,25.419999999999998,0.9299999999999999,MLP,80,2,KGroups_max,Fvalue,False,0:03:08.664342,0:03:10.211159,nci9
0.0026,0.0001,0.0021,0.0,21.67,4.5600000000000005,25.419999999999998,0.9299999999999999,GaussianNB,80,2,KGroups_max,Fvalue,False,0:03:08.664342,0:03:10.211159,nci9
0.0024,0.0,0.0042,0.0001,23.330000000000002,3.73,23.330000000000002,0.9299999999999999,KNeighbors,81,2,KGroups_max,Fvalue,False,0:03:08.664342,0:03:10.211159,nci9
0.0027,0.0001,0.0019,0.0001,23.330000000000002,3.73,25.419999999999998,0.9299999999999999,LinearSVC,81,2,KGroups_max,Fvalue,False,0:03:08.664342,0:03:10.211159,nci9
0.1484,0.0003,0.0097,0.0001,23.330000000000002,3.73,25.419999999999998,0.9299999999999999,RandomForest,81,2,KGroups_max,Fvalue,False,0:03:08.664342,0:03:10.211159,nci9
0.0566,0.0004,0.0042,0.0001,20.0,7.449999999999999,23.75,4.06,XGB,81,2,KGroups_max,Fvalue,False,0:03:08.664342,0:03:10.211159,nci9
0.0954,0.0003,0.0025,0.0001,23.330000000000002,3.73,25.419999999999998,0.9299999999999999,MLP,81,2,KGroups_max,Fvalue,False,0:03:08.664342,0:03:10.211159,nci9
0.0025,0.0,0.002,0.0,21.67,4.5600000000000005,25.419999999999998,0.9299999999999999,GaussianNB,81,2,KGroups_max,Fvalue,False,0:03:08.664342,0:03:10.211159,nci9
0.0022,0.0001,0.0039,0.0001,23.330000000000002,3.73,23.330000000000002,0.9299999999999999,KNeighbors,82,2,KGroups_max,Fvalue,False,0:03:08.664342,0:03:10.211159,nci9
0.0027,0.0001,0.0019,0.0001,23.330000000000002,3.73,25.419999999999998,0.9299999999999999,LinearSVC,82,2,KGroups_max,Fvalue,False,0:03:08.664342,0:03:10.211159,nci9
0.1479,0.0004,0.0097,0.0,23.330000000000002,3.73,25.419999999999998,0.9299999999999999,RandomForest,82,2,KGroups_max,Fvalue,False,0:03:08.664342,0:03:10.211159,nci9
0.0575,0.0006,0.0043,0.0001,20.0,7.449999999999999,23.75,4.06,XGB,82,2,KGroups_max,Fvalue,False,0:03:08.664342,0:03:10.211159,nci9
0.0962,0.0002,0.0025,0.0001,23.330000000000002,3.73,25.419999999999998,0.9299999999999999,MLP,82,2,KGroups_max,Fvalue,False,0:03:08.664342,0:03:10.211159,nci9
0.0026,0.0,0.0021,0.0,21.67,4.5600000000000005,25.419999999999998,0.9299999999999999,GaussianNB,82,2,KGroups_max,Fvalue,False,0:03:08.664342,0:03:10.211159,nci9
0.0023,0.0001,0.004,0.0001,23.330000000000002,3.73,23.330000000000002,0.9299999999999999,KNeighbors,83,2,KGroups_max,Fvalue,False,0:03:08.664342,0:03:10.211159,nci9
0.0027,0.0001,0.0019,0.0,23.330000000000002,3.73,25.419999999999998,0.9299999999999999,LinearSVC,83,2,KGroups_max,Fvalue,False,0:03:08.664342,0:03:10.211159,nci9
0.1486,0.0002,0.0098,0.0001,23.330000000000002,3.73,25.419999999999998,0.9299999999999999,RandomForest,83,2,KGroups_max,Fvalue,False,0:03:08.664342,0:03:10.211159,nci9
0.0575,0.0005,0.0043,0.0001,20.0,7.449999999999999,23.75,4.06,XGB,83,2,KGroups_max,Fvalue,False,0:03:08.664342,0:03:10.211159,nci9
0.0968,0.0002,0.0025,0.0,23.330000000000002,3.73,25.419999999999998,0.9299999999999999,MLP,83,2,KGroups_max,Fvalue,False,0:03:08.664342,0:03:10.211159,nci9
0.0026,0.0001,0.0021,0.0001,21.67,4.5600000000000005,25.419999999999998,0.9299999999999999,GaussianNB,83,2,KGroups_max,Fvalue,False,0:03:08.664342,0:03:10.211159,nci9
0.0023,0.0001,0.004,0.0001,23.330000000000002,3.73,23.330000000000002,0.9299999999999999,KNeighbors,84,2,KGroups_max,Fvalue,False,0:03:08.664342,0:03:10.211159,nci9
0.0027,0.0001,0.0019,0.0,23.330000000000002,3.73,25.419999999999998,0.9299999999999999,LinearSVC,84,2,KGroups_max,Fvalue,False,0:03:08.664342,0:03:10.211159,nci9
0.148,0.0004,0.0098,0.0001,23.330000000000002,3.73,25.419999999999998,0.9299999999999999,RandomForest,84,2,KGroups_max,Fvalue,False,0:03:08.664342,0:03:10.211159,nci9
0.0571,0.0004,0.0043,0.0001,20.0,7.449999999999999,23.75,4.06,XGB,84,2,KGroups_max,Fvalue,False,0:03:08.664342,0:03:10.211159,nci9
0.0968,0.0005,0.0026,0.0,23.330000000000002,3.73,25.419999999999998,0.9299999999999999,MLP,84,2,KGroups_max,Fvalue,False,0:03:08.664342,0:03:10.211159,nci9
0.0026,0.0001,0.002,0.0,21.67,4.5600000000000005,25.419999999999998,0.9299999999999999,GaussianNB,84,2,KGroups_max,Fvalue,False,0:03:08.664342,0:03:10.211159,nci9
0.0023,0.0001,0.004,0.0001,23.330000000000002,3.73,23.330000000000002,0.9299999999999999,KNeighbors,85,2,KGroups_max,Fvalue,False,0:03:08.664342,0:03:10.211159,nci9
0.0027,0.0001,0.0018,0.0,23.330000000000002,3.73,25.419999999999998,0.9299999999999999,LinearSVC,85,2,KGroups_max,Fvalue,False,0:03:08.664342,0:03:10.211159,nci9
0.148,0.0002,0.0097,0.0001,23.330000000000002,3.73,25.419999999999998,0.9299999999999999,RandomForest,85,2,KGroups_max,Fvalue,False,0:03:08.664342,0:03:10.211159,nci9
0.0569,0.0005,0.0043,0.0002,20.0,7.449999999999999,23.75,4.06,XGB,85,2,KGroups_max,Fvalue,False,0:03:08.664342,0:03:10.211159,nci9
0.0967,0.0002,0.0025,0.0001,23.330000000000002,3.73,25.419999999999998,0.9299999999999999,MLP,85,2,KGroups_max,Fvalue,False,0:03:08.664342,0:03:10.211159,nci9
0.0026,0.0001,0.0021,0.0,21.67,4.5600000000000005,25.419999999999998,0.9299999999999999,GaussianNB,85,2,KGroups_max,Fvalue,False,0:03:08.664342,0:03:10.211159,nci9
0.0023,0.0001,0.004,0.0001,23.330000000000002,3.73,23.330000000000002,0.9299999999999999,KNeighbors,86,2,KGroups_max,Fvalue,False,0:03:08.664342,0:03:10.211159,nci9
0.0027,0.0001,0.0019,0.0,23.330000000000002,3.73,25.419999999999998,0.9299999999999999,LinearSVC,86,2,KGroups_max,Fvalue,False,0:03:08.664342,0:03:10.211159,nci9
0.1478,0.0004,0.0097,0.0001,23.330000000000002,3.73,25.419999999999998,0.9299999999999999,RandomForest,86,2,KGroups_max,Fvalue,False,0:03:08.664342,0:03:10.211159,nci9
0.0572,0.0004,0.0043,0.0001,20.0,7.449999999999999,23.75,4.06,XGB,86,2,KGroups_max,Fvalue,False,0:03:08.664342,0:03:10.211159,nci9
0.0966,0.0001,0.0026,0.0,23.330000000000002,3.73,25.419999999999998,0.9299999999999999,MLP,86,2,KGroups_max,Fvalue,False,0:03:08.664342,0:03:10.211159,nci9
0.0026,0.0001,0.0021,0.0,21.67,4.5600000000000005,25.419999999999998,0.9299999999999999,GaussianNB,86,2,KGroups_max,Fvalue,False,0:03:08.664342,0:03:10.211159,nci9
0.0023,0.0001,0.004,0.0001,23.330000000000002,3.73,23.330000000000002,0.9299999999999999,KNeighbors,87,2,KGroups_max,Fvalue,False,0:03:08.664342,0:03:10.211159,nci9
0.0027,0.0,0.0019,0.0,23.330000000000002,3.73,25.419999999999998,0.9299999999999999,LinearSVC,87,2,KGroups_max,Fvalue,False,0:03:08.664342,0:03:10.211159,nci9
0.1485,0.0001,0.0097,0.0,23.330000000000002,3.73,25.419999999999998,0.9299999999999999,RandomForest,87,2,KGroups_max,Fvalue,False,0:03:08.664342,0:03:10.211159,nci9
0.0574,0.0011,0.0043,0.0001,20.0,7.449999999999999,23.75,4.06,XGB,87,2,KGroups_max,Fvalue,False,0:03:08.664342,0:03:10.211159,nci9
0.0969,0.0004,0.0026,0.0,23.330000000000002,3.73,25.419999999999998,0.9299999999999999,MLP,87,2,KGroups_max,Fvalue,False,0:03:08.664342,0:03:10.211159,nci9
0.0026,0.0001,0.002,0.0,21.67,4.5600000000000005,25.419999999999998,0.9299999999999999,GaussianNB,87,2,KGroups_max,Fvalue,False,0:03:08.664342,0:03:10.211159,nci9
0.0023,0.0001,0.0041,0.0001,23.330000000000002,3.73,23.330000000000002,0.9299999999999999,KNeighbors,88,2,KGroups_max,Fvalue,False,0:03:08.664342,0:03:10.211159,nci9
0.0027,0.0001,0.0019,0.0,23.330000000000002,3.73,25.419999999999998,0.9299999999999999,LinearSVC,88,2,KGroups_max,Fvalue,False,0:03:08.664342,0:03:10.211159,nci9
0.1486,0.0004,0.0098,0.0,23.330000000000002,3.73,25.419999999999998,0.9299999999999999,RandomForest,88,2,KGroups_max,Fvalue,False,0:03:08.664342,0:03:10.211159,nci9
0.0577,0.0007,0.0043,0.0002,20.0,7.449999999999999,23.75,4.06,XGB,88,2,KGroups_max,Fvalue,False,0:03:08.664342,0:03:10.211159,nci9
0.0962,0.0006,0.0025,0.0001,23.330000000000002,3.73,25.419999999999998,0.9299999999999999,MLP,88,2,KGroups_max,Fvalue,False,0:03:08.664342,0:03:10.211159,nci9
0.0025,0.0001,0.002,0.0,21.67,4.5600000000000005,25.419999999999998,0.9299999999999999,GaussianNB,88,2,KGroups_max,Fvalue,False,0:03:08.664342,0:03:10.211159,nci9
0.0022,0.0001,0.0038,0.0001,23.330000000000002,3.73,23.330000000000002,0.9299999999999999,KNeighbors,89,2,KGroups_max,Fvalue,False,0:03:08.664342,0:03:10.211159,nci9
0.0027,0.0001,0.0018,0.0,23.330000000000002,3.73,25.419999999999998,0.9299999999999999,LinearSVC,89,2,KGroups_max,Fvalue,False,0:03:08.664342,0:03:10.211159,nci9
0.1471,0.0003,0.0096,0.0001,23.330000000000002,3.73,25.419999999999998,0.9299999999999999,RandomForest,89,2,KGroups_max,Fvalue,False,0:03:08.664342,0:03:10.211159,nci9
0.0563,0.0004,0.0042,0.0001,20.0,7.449999999999999,23.75,4.06,XGB,89,2,KGroups_max,Fvalue,False,0:03:08.664342,0:03:10.211159,nci9
0.096,0.0003,0.0025,0.0,23.330000000000002,3.73,25.419999999999998,0.9299999999999999,MLP,89,2,KGroups_max,Fvalue,False,0:03:08.664342,0:03:10.211159,nci9
0.0026,0.0,0.002,0.0,21.67,4.5600000000000005,25.419999999999998,0.9299999999999999,GaussianNB,89,2,KGroups_max,Fvalue,False,0:03:08.664342,0:03:10.211159,nci9
0.0022,0.0001,0.0038,0.0001,23.330000000000002,3.73,23.330000000000002,0.9299999999999999,KNeighbors,90,2,KGroups_max,Fvalue,False,0:03:08.664342,0:03:10.211159,nci9
0.0026,0.0001,0.0018,0.0,23.330000000000002,3.73,25.419999999999998,0.9299999999999999,LinearSVC,90,2,KGroups_max,Fvalue,False,0:03:08.664342,0:03:10.211159,nci9
0.147,0.0002,0.0096,0.0,23.330000000000002,3.73,25.419999999999998,0.9299999999999999,RandomForest,90,2,KGroups_max,Fvalue,False,0:03:08.664342,0:03:10.211159,nci9
0.0552,0.0002,0.0041,0.0001,20.0,7.449999999999999,23.75,4.06,XGB,90,2,KGroups_max,Fvalue,False,0:03:08.664342,0:03:10.211159,nci9
0.0957,0.0005,0.0025,0.0,23.330000000000002,3.73,25.419999999999998,0.9299999999999999,MLP,90,2,KGroups_max,Fvalue,False,0:03:08.664342,0:03:10.211159,nci9
0.0025,0.0,0.002,0.0,21.67,4.5600000000000005,25.419999999999998,0.9299999999999999,GaussianNB,90,2,KGroups_max,Fvalue,False,0:03:08.664342,0:03:10.211159,nci9
0.0021,0.0001,0.0038,0.0001,23.330000000000002,3.73,23.330000000000002,0.9299999999999999,KNeighbors,91,2,KGroups_max,Fvalue,False,0:03:08.664342,0:03:10.211159,nci9
0.0026,0.0,0.0018,0.0,23.330000000000002,3.73,25.419999999999998,0.9299999999999999,LinearSVC,91,2,KGroups_max,Fvalue,False,0:03:08.664342,0:03:10.211159,nci9
0.1468,0.0003,0.0095,0.0001,23.330000000000002,3.73,25.419999999999998,0.9299999999999999,RandomForest,91,2,KGroups_max,Fvalue,False,0:03:08.664342,0:03:10.211159,nci9
0.0551,0.0006,0.0041,0.0001,20.0,7.449999999999999,23.75,4.06,XGB,91,2,KGroups_max,Fvalue,False,0:03:08.664342,0:03:10.211159,nci9
0.0957,0.0003,0.0025,0.0,23.330000000000002,3.73,25.419999999999998,0.9299999999999999,MLP,91,2,KGroups_max,Fvalue,False,0:03:08.664342,0:03:10.211159,nci9
0.0025,0.0,0.002,0.0,21.67,4.5600000000000005,25.419999999999998,0.9299999999999999,GaussianNB,91,2,KGroups_max,Fvalue,False,0:03:08.664342,0:03:10.211159,nci9
0.0021,0.0001,0.0037,0.0001,23.330000000000002,3.73,23.330000000000002,0.9299999999999999,KNeighbors,92,2,KGroups_max,Fvalue,False,0:03:08.664342,0:03:10.211159,nci9
0.0026,0.0001,0.0018,0.0,23.330000000000002,3.73,25.419999999999998,0.9299999999999999,LinearSVC,92,2,KGroups_max,Fvalue,False,0:03:08.664342,0:03:10.211159,nci9
0.1465,0.0004,0.0095,0.0,23.330000000000002,3.73,25.419999999999998,0.9299999999999999,RandomForest,92,2,KGroups_max,Fvalue,False,0:03:08.664342,0:03:10.211159,nci9
0.055,0.0003,0.0041,0.0001,20.0,7.449999999999999,23.75,4.06,XGB,92,2,KGroups_max,Fvalue,False,0:03:08.664342,0:03:10.211159,nci9
0.0957,0.0005,0.0024,0.0001,23.330000000000002,3.73,25.419999999999998,0.9299999999999999,MLP,92,2,KGroups_max,Fvalue,False,0:03:08.664342,0:03:10.211159,nci9
0.0025,0.0,0.002,0.0,21.67,4.5600000000000005,25.419999999999998,0.9299999999999999,GaussianNB,92,2,KGroups_max,Fvalue,False,0:03:08.664342,0:03:10.211159,nci9
0.0021,0.0001,0.0038,0.0001,23.330000000000002,3.73,23.330000000000002,0.9299999999999999,KNeighbors,93,2,KGroups_max,Fvalue,False,0:03:08.664342,0:03:10.211159,nci9
0.0025,0.0001,0.0018,0.0,23.330000000000002,3.73,25.419999999999998,0.9299999999999999,LinearSVC,93,2,KGroups_max,Fvalue,False,0:03:08.664342,0:03:10.211159,nci9
0.1469,0.0002,0.0095,0.0001,23.330000000000002,3.73,25.419999999999998,0.9299999999999999,RandomForest,93,2,KGroups_max,Fvalue,False,0:03:08.664342,0:03:10.211159,nci9
0.0544,0.0005,0.004,0.0001,20.0,7.449999999999999,23.75,4.06,XGB,93,2,KGroups_max,Fvalue,False,0:03:08.664342,0:03:10.211159,nci9
0.0958,0.0003,0.0025,0.0,23.330000000000002,3.73,25.419999999999998,0.9299999999999999,MLP,93,2,KGroups_max,Fvalue,False,0:03:08.664342,0:03:10.211159,nci9
0.0026,0.0001,0.0021,0.0001,21.67,4.5600000000000005,25.419999999999998,0.9299999999999999,GaussianNB,93,2,KGroups_max,Fvalue,False,0:03:08.664342,0:03:10.211159,nci9
0.0021,0.0001,0.0037,0.0001,23.330000000000002,3.73,23.330000000000002,0.9299999999999999,KNeighbors,94,2,KGroups_max,Fvalue,False,0:03:08.664342,0:03:10.211159,nci9
0.0026,0.0001,0.0018,0.0,23.330000000000002,3.73,25.419999999999998,0.9299999999999999,LinearSVC,94,2,KGroups_max,Fvalue,False,0:03:08.664342,0:03:10.211159,nci9
0.1469,0.0003,0.0095,0.0,23.330000000000002,3.73,25.419999999999998,0.9299999999999999,RandomForest,94,2,KGroups_max,Fvalue,False,0:03:08.664342,0:03:10.211159,nci9
0.0544,0.0002,0.004,0.0001,20.0,7.449999999999999,23.75,4.06,XGB,94,2,KGroups_max,Fvalue,False,0:03:08.664342,0:03:10.211159,nci9
0.0956,0.0004,0.0025,0.0,23.330000000000002,3.73,25.419999999999998,0.9299999999999999,MLP,94,2,KGroups_max,Fvalue,False,0:03:08.664342,0:03:10.211159,nci9
0.0025,0.0,0.002,0.0,21.67,4.5600000000000005,25.419999999999998,0.9299999999999999,GaussianNB,94,2,KGroups_max,Fvalue,False,0:03:08.664342,0:03:10.211159,nci9
0.0021,0.0001,0.0036,0.0001,23.330000000000002,3.73,23.330000000000002,0.9299999999999999,KNeighbors,95,2,KGroups_max,Fvalue,False,0:03:08.664342,0:03:10.211159,nci9
0.0025,0.0,0.0018,0.0,23.330000000000002,3.73,25.419999999999998,0.9299999999999999,LinearSVC,95,2,KGroups_max,Fvalue,False,0:03:08.664342,0:03:10.211159,nci9
0.1467,0.0001,0.0094,0.0,23.330000000000002,3.73,25.419999999999998,0.9299999999999999,RandomForest,95,2,KGroups_max,Fvalue,False,0:03:08.664342,0:03:10.211159,nci9
0.0531,0.0005,0.0039,0.0001,20.0,7.449999999999999,23.75,4.06,XGB,95,2,KGroups_max,Fvalue,False,0:03:08.664342,0:03:10.211159,nci9
0.0957,0.0003,0.0024,0.0,23.330000000000002,3.73,25.419999999999998,0.9299999999999999,MLP,95,2,KGroups_max,Fvalue,False,0:03:08.664342,0:03:10.211159,nci9
0.0025,0.0,0.002,0.0,21.67,4.5600000000000005,25.419999999999998,0.9299999999999999,GaussianNB,95,2,KGroups_max,Fvalue,False,0:03:08.664342,0:03:10.211159,nci9
0.002,0.0001,0.0036,0.0001,23.330000000000002,3.73,23.330000000000002,0.9299999999999999,KNeighbors,96,2,KGroups_max,Fvalue,False,0:03:08.664342,0:03:10.211159,nci9
0.0025,0.0001,0.0018,0.0,23.330000000000002,3.73,25.419999999999998,0.9299999999999999,LinearSVC,96,2,KGroups_max,Fvalue,False,0:03:08.664342,0:03:10.211159,nci9
0.1488,0.0003,0.0098,0.0001,23.330000000000002,3.73,25.419999999999998,0.9299999999999999,RandomForest,96,2,KGroups_max,Fvalue,False,0:03:08.664342,0:03:10.211159,nci9
0.0575,0.0004,0.0043,0.0001,20.0,7.449999999999999,23.75,4.06,XGB,96,2,KGroups_max,Fvalue,False,0:03:08.664342,0:03:10.211159,nci9
0.0973,0.0003,0.0026,0.0,23.330000000000002,3.73,25.419999999999998,0.9299999999999999,MLP,96,2,KGroups_max,Fvalue,False,0:03:08.664342,0:03:10.211159,nci9
0.0026,0.0,0.0021,0.0,21.67,4.5600000000000005,25.419999999999998,0.9299999999999999,GaussianNB,96,2,KGroups_max,Fvalue,False,0:03:08.664342,0:03:10.211159,nci9
0.0023,0.0001,0.0041,0.0001,23.330000000000002,3.73,23.330000000000002,0.9299999999999999,KNeighbors,97,2,KGroups_max,Fvalue,False,0:03:08.664342,0:03:10.211159,nci9
0.0027,0.0001,0.0019,0.0,23.330000000000002,3.73,25.419999999999998,0.9299999999999999,LinearSVC,97,2,KGroups_max,Fvalue,False,0:03:08.664342,0:03:10.211159,nci9
0.1487,0.0002,0.0098,0.0,23.330000000000002,3.73,25.419999999999998,0.9299999999999999,RandomForest,97,2,KGroups_max,Fvalue,False,0:03:08.664342,0:03:10.211159,nci9
0.0577,0.0004,0.0044,0.0001,20.0,7.449999999999999,23.75,4.06,XGB,97,2,KGroups_max,Fvalue,False,0:03:08.664342,0:03:10.211159,nci9
0.0967,0.0004,0.0026,0.0001,23.330000000000002,3.73,25.419999999999998,0.9299999999999999,MLP,97,2,KGroups_max,Fvalue,False,0:03:08.664342,0:03:10.211159,nci9
0.0027,0.0,0.0021,0.0,21.67,4.5600000000000005,25.419999999999998,0.9299999999999999,GaussianNB,97,2,KGroups_max,Fvalue,False,0:03:08.664342,0:03:10.211159,nci9
0.0023,0.0001,0.004,0.0001,23.330000000000002,3.73,23.330000000000002,0.9299999999999999,KNeighbors,98,2,KGroups_max,Fvalue,False,0:03:08.664342,0:03:10.211159,nci9
0.0027,0.0,0.0019,0.0,23.330000000000002,3.73,25.419999999999998,0.9299999999999999,LinearSVC,98,2,KGroups_max,Fvalue,False,0:03:08.664342,0:03:10.211159,nci9
0.1487,0.0004,0.0097,0.0,23.330000000000002,3.73,25.419999999999998,0.9299999999999999,RandomForest,98,2,KGroups_max,Fvalue,False,0:03:08.664342,0:03:10.211159,nci9
0.0573,0.0007,0.0043,0.0002,20.0,7.449999999999999,23.75,4.06,XGB,98,2,KGroups_max,Fvalue,False,0:03:08.664342,0:03:10.211159,nci9
0.0966,0.0003,0.0026,0.0,23.330000000000002,3.73,25.419999999999998,0.9299999999999999,MLP,98,2,KGroups_max,Fvalue,False,0:03:08.664342,0:03:10.211159,nci9
0.0027,0.0,0.0021,0.0,21.67,4.5600000000000005,25.419999999999998,0.9299999999999999,GaussianNB,98,2,KGroups_max,Fvalue,False,0:03:08.664342,0:03:10.211159,nci9
0.0023,0.0001,0.0041,0.0002,23.330000000000002,3.73,23.330000000000002,0.9299999999999999,KNeighbors,99,2,KGroups_max,Fvalue,False,0:03:08.664342,0:03:10.211159,nci9
0.0027,0.0001,0.0019,0.0,23.330000000000002,3.73,25.419999999999998,0.9299999999999999,LinearSVC,99,2,KGroups_max,Fvalue,False,0:03:08.664342,0:03:10.211159,nci9
0.1485,0.0002,0.0097,0.0001,23.330000000000002,3.73,25.419999999999998,0.9299999999999999,RandomForest,99,2,KGroups_max,Fvalue,False,0:03:08.664342,0:03:10.211159,nci9
0.0559,0.0004,0.0041,0.0001,20.0,7.449999999999999,23.75,4.06,XGB,99,2,KGroups_max,Fvalue,False,0:03:08.664342,0:03:10.211159,nci9
0.0962,0.0002,0.0025,0.0,23.330000000000002,3.73,25.419999999999998,0.9299999999999999,MLP,99,2,KGroups_max,Fvalue,False,0:03:08.664342,0:03:10.211159,nci9
0.0026,0.0001,0.0021,0.0001,21.67,4.5600000000000005,25.419999999999998,0.9299999999999999,GaussianNB,99,2,KGroups_max,Fvalue,False,0:03:08.664342,0:03:10.211159,nci9
0.0022,0.0001,0.004,0.0,23.330000000000002,3.73,23.330000000000002,0.9299999999999999,KNeighbors,100,2,KGroups_max,Fvalue,False,0:03:08.664342,0:03:10.211159,nci9
0.0027,0.0001,0.0018,0.0,23.330000000000002,3.73,25.419999999999998,0.9299999999999999,LinearSVC,100,2,KGroups_max,Fvalue,False,0:03:08.664342,0:03:10.211159,nci9
0.1485,0.0003,0.0097,0.0,23.330000000000002,3.73,25.419999999999998,0.9299999999999999,RandomForest,100,2,KGroups_max,Fvalue,False,0:03:08.664342,0:03:10.211159,nci9
0.057,0.0004,0.0042,0.0001,20.0,7.449999999999999,23.75,4.06,XGB,100,2,KGroups_max,Fvalue,False,0:03:08.664342,0:03:10.211159,nci9
0.0964,0.0003,0.0025,0.0001,23.330000000000002,3.73,25.419999999999998,0.9299999999999999,MLP,100,2,KGroups_max,Fvalue,False,0:03:08.664342,0:03:10.211159,nci9
0.0026,0.0,0.0021,0.0,21.67,4.5600000000000005,25.419999999999998,0.9299999999999999,GaussianNB,100,2,KGroups_max,Fvalue,False,0:03:08.664342,0:03:10.211159,nci9
