fit_time,fit_time_std,score_time,score_time_std,test_accuracy,test_accuracy_std,train_accuracy,train_accuracy_std,model_name,num_desired_features,num_selected_features,selection_algorithm,valuation_method,CPU_time,Wall_time,dataset_name
0.002,0.0001,0.0035,0.0001,16.669999999999998,5.89,19.580000000000002,3.16,KNeighbors,2,2,KBest,mutual_info,0:04:34.227409,0:04:35.745435,nci9
0.0024,0.0001,0.0018,0.0,21.67,4.5600000000000005,23.75,1.1400000000000001,LinearSVC,2,2,KBest,mutual_info,0:04:34.227409,0:04:35.745435,nci9
0.1347,0.0001,0.0084,0.0001,21.67,4.5600000000000005,23.75,1.1400000000000001,RandomForest,2,2,KBest,mutual_info,0:04:34.227409,0:04:35.745435,nci9
0.0412,0.0011,0.0032,0.0001,13.33,4.5600000000000005,19.17,3.42,XGB,2,2,KBest,mutual_info,0:04:34.227409,0:04:35.745435,nci9
0.0719,0.0025,0.0022,0.0,20.0,7.449999999999999,23.75,1.1400000000000001,MLP,2,2,KBest,mutual_info,0:04:34.227409,0:04:35.745435,nci9
0.0024,0.0,0.002,0.0,16.669999999999998,5.89,22.919999999999998,1.47,GaussianNB,2,2,KBest,mutual_info,0:04:34.227409,0:04:35.745435,nci9
0.002,0.0001,0.0035,0.0001,16.669999999999998,5.89,19.580000000000002,3.16,KNeighbors,3,3,KBest,mutual_info,0:04:34.227409,0:04:35.745435,nci9
0.0025,0.0001,0.0018,0.0001,21.67,4.5600000000000005,25.83,1.1400000000000001,LinearSVC,3,3,KBest,mutual_info,0:04:34.227409,0:04:35.745435,nci9
0.1348,0.0001,0.0085,0.0001,21.67,4.5600000000000005,25.83,1.1400000000000001,RandomForest,3,3,KBest,mutual_info,0:04:34.227409,0:04:35.745435,nci9
0.0418,0.0011,0.0033,0.0001,13.33,4.5600000000000005,19.17,3.42,XGB,3,3,KBest,mutual_info,0:04:34.227409,0:04:35.745435,nci9
0.0739,0.0027,0.0022,0.0,20.0,7.449999999999999,25.83,1.1400000000000001,MLP,3,3,KBest,mutual_info,0:04:34.227409,0:04:35.745435,nci9
0.0024,0.0,0.002,0.0,16.669999999999998,5.89,25.0,1.47,GaussianNB,3,3,KBest,mutual_info,0:04:34.227409,0:04:35.745435,nci9
0.002,0.0001,0.0035,0.0001,16.669999999999998,5.89,19.580000000000002,3.16,KNeighbors,4,4,KBest,mutual_info,0:04:34.227409,0:04:35.745435,nci9
0.0026,0.0001,0.0018,0.0,21.67,4.5600000000000005,29.17,1.47,LinearSVC,4,4,KBest,mutual_info,0:04:34.227409,0:04:35.745435,nci9
0.1346,0.0002,0.0084,0.0,21.67,4.5600000000000005,29.17,1.47,RandomForest,4,4,KBest,mutual_info,0:04:34.227409,0:04:35.745435,nci9
0.0425,0.0015,0.0035,0.0001,13.33,4.5600000000000005,19.17,3.42,XGB,4,4,KBest,mutual_info,0:04:34.227409,0:04:35.745435,nci9
0.0787,0.0015,0.0022,0.0,20.0,7.449999999999999,29.17,1.47,MLP,4,4,KBest,mutual_info,0:04:34.227409,0:04:35.745435,nci9
0.0024,0.0,0.002,0.0,16.669999999999998,5.89,28.33,2.3800000000000003,GaussianNB,4,4,KBest,mutual_info,0:04:34.227409,0:04:35.745435,nci9
0.002,0.0,0.0035,0.0001,16.669999999999998,5.89,19.580000000000002,3.16,KNeighbors,5,5,KBest,mutual_info,0:04:34.227409,0:04:35.745435,nci9
0.0026,0.0001,0.0018,0.0001,21.67,4.5600000000000005,30.830000000000002,2.2800000000000002,LinearSVC,5,5,KBest,mutual_info,0:04:34.227409,0:04:35.745435,nci9
0.1347,0.0002,0.0084,0.0001,21.67,4.5600000000000005,30.830000000000002,2.2800000000000002,RandomForest,5,5,KBest,mutual_info,0:04:34.227409,0:04:35.745435,nci9
0.0427,0.001,0.0036,0.0001,13.33,4.5600000000000005,19.17,3.42,XGB,5,5,KBest,mutual_info,0:04:34.227409,0:04:35.745435,nci9
0.0784,0.0051,0.0022,0.0,21.67,7.449999999999999,30.830000000000002,2.2800000000000002,MLP,5,5,KBest,mutual_info,0:04:34.227409,0:04:35.745435,nci9
0.0024,0.0,0.002,0.0,15.0,3.73,27.92,3.16,GaussianNB,5,5,KBest,mutual_info,0:04:34.227409,0:04:35.745435,nci9
0.002,0.0,0.0035,0.0001,16.669999999999998,5.89,19.580000000000002,3.16,KNeighbors,6,6,KBest,mutual_info,0:04:34.227409,0:04:35.745435,nci9
0.0028,0.0001,0.0019,0.0,21.67,4.5600000000000005,32.08,1.8599999999999999,LinearSVC,6,6,KBest,mutual_info,0:04:34.227409,0:04:35.745435,nci9
0.1343,0.0003,0.0084,0.0001,21.67,4.5600000000000005,32.08,1.8599999999999999,RandomForest,6,6,KBest,mutual_info,0:04:34.227409,0:04:35.745435,nci9
0.0433,0.0011,0.0038,0.0,13.33,4.5600000000000005,19.17,3.42,XGB,6,6,KBest,mutual_info,0:04:34.227409,0:04:35.745435,nci9
0.0835,0.0055,0.0023,0.0001,20.0,7.449999999999999,32.08,1.8599999999999999,MLP,6,6,KBest,mutual_info,0:04:34.227409,0:04:35.745435,nci9
0.0024,0.0,0.002,0.0,15.0,3.73,28.33,2.8000000000000003,GaussianNB,6,6,KBest,mutual_info,0:04:34.227409,0:04:35.745435,nci9
0.002,0.0001,0.0035,0.0001,23.330000000000002,6.97,27.08,2.55,KNeighbors,7,7,KBest,mutual_info,0:04:34.227409,0:04:35.745435,nci9
0.0029,0.0001,0.002,0.0001,30.0,7.449999999999999,40.0,3.42,LinearSVC,7,7,KBest,mutual_info,0:04:34.227409,0:04:35.745435,nci9
0.1349,0.0002,0.0085,0.0001,31.669999999999998,6.97,40.0,3.42,RandomForest,7,7,KBest,mutual_info,0:04:34.227409,0:04:35.745435,nci9
0.0446,0.0012,0.004,0.0001,25.0,5.89,28.33,1.1400000000000001,XGB,7,7,KBest,mutual_info,0:04:34.227409,0:04:35.745435,nci9
0.0943,0.0034,0.0024,0.0001,30.0,9.5,40.0,3.42,MLP,7,7,KBest,mutual_info,0:04:34.227409,0:04:35.745435,nci9
0.0024,0.0,0.002,0.0,25.0,8.33,35.0,3.09,GaussianNB,7,7,KBest,mutual_info,0:04:34.227409,0:04:35.745435,nci9
0.002,0.0001,0.0035,0.0001,25.0,0.0,23.75,1.1400000000000001,KNeighbors,8,8,KBest,mutual_info,0:04:34.227409,0:04:35.745435,nci9
0.0031,0.0002,0.0019,0.0001,28.33,7.449999999999999,40.42,2.8000000000000003,LinearSVC,8,8,KBest,mutual_info,0:04:34.227409,0:04:35.745435,nci9
0.1347,0.0003,0.0085,0.0,28.33,7.449999999999999,40.42,2.8000000000000003,RandomForest,8,8,KBest,mutual_info,0:04:34.227409,0:04:35.745435,nci9
0.0452,0.0012,0.0042,0.0001,23.330000000000002,6.97,28.749999999999996,1.7399999999999998,XGB,8,8,KBest,mutual_info,0:04:34.227409,0:04:35.745435,nci9
0.096,0.0014,0.0023,0.0,31.669999999999998,10.870000000000001,40.42,2.8000000000000003,MLP,8,8,KBest,mutual_info,0:04:34.227409,0:04:35.745435,nci9
0.0024,0.0,0.002,0.0,25.0,8.33,35.42,3.29,GaussianNB,8,8,KBest,mutual_info,0:04:34.227409,0:04:35.745435,nci9
0.002,0.0,0.0035,0.0001,23.330000000000002,3.73,23.75,1.1400000000000001,KNeighbors,9,9,KBest,mutual_info,0:04:34.227409,0:04:35.745435,nci9
0.0032,0.0003,0.002,0.0001,28.33,7.449999999999999,40.42,2.8000000000000003,LinearSVC,9,9,KBest,mutual_info,0:04:34.227409,0:04:35.745435,nci9
0.135,0.0002,0.0085,0.0,30.0,7.449999999999999,40.42,2.8000000000000003,RandomForest,9,9,KBest,mutual_info,0:04:34.227409,0:04:35.745435,nci9
0.0457,0.0012,0.0043,0.0001,23.330000000000002,6.97,28.749999999999996,1.7399999999999998,XGB,9,9,KBest,mutual_info,0:04:34.227409,0:04:35.745435,nci9
0.0922,0.005,0.0023,0.0001,26.669999999999998,9.13,40.42,2.8000000000000003,MLP,9,9,KBest,mutual_info,0:04:34.227409,0:04:35.745435,nci9
0.0024,0.0,0.002,0.0,21.67,11.18,36.67,5.2299999999999995,GaussianNB,9,9,KBest,mutual_info,0:04:34.227409,0:04:35.745435,nci9
0.002,0.0001,0.0035,0.0001,25.0,0.0,26.669999999999998,0.9299999999999999,KNeighbors,10,10,KBest,mutual_info,0:04:34.227409,0:04:35.745435,nci9
0.0034,0.0003,0.002,0.0001,28.33,7.449999999999999,40.42,2.8000000000000003,LinearSVC,10,10,KBest,mutual_info,0:04:34.227409,0:04:35.745435,nci9
0.1355,0.0003,0.0085,0.0001,28.33,7.449999999999999,40.42,2.8000000000000003,RandomForest,10,10,KBest,mutual_info,0:04:34.227409,0:04:35.745435,nci9
0.0464,0.0012,0.0046,0.0001,23.330000000000002,6.97,28.749999999999996,1.7399999999999998,XGB,10,10,KBest,mutual_info,0:04:34.227409,0:04:35.745435,nci9
0.0897,0.0066,0.0023,0.0,28.33,9.5,40.42,2.8000000000000003,MLP,10,10,KBest,mutual_info,0:04:34.227409,0:04:35.745435,nci9
0.0024,0.0,0.002,0.0,21.67,11.18,36.67,5.2299999999999995,GaussianNB,10,10,KBest,mutual_info,0:04:34.227409,0:04:35.745435,nci9
0.0021,0.0,0.0035,0.0001,25.0,0.0,27.08,1.47,KNeighbors,11,11,KBest,mutual_info,0:04:34.227409,0:04:35.745435,nci9
0.0034,0.0001,0.002,0.0001,26.669999999999998,3.73,45.42,3.42,LinearSVC,11,11,KBest,mutual_info,0:04:34.227409,0:04:35.745435,nci9
0.1356,0.0005,0.0086,0.0,26.669999999999998,6.97,45.42,3.42,RandomForest,11,11,KBest,mutual_info,0:04:34.227409,0:04:35.745435,nci9
0.0485,0.001,0.0048,0.0001,28.33,4.5600000000000005,31.669999999999998,0.9299999999999999,XGB,11,11,KBest,mutual_info,0:04:34.227409,0:04:35.745435,nci9
0.1001,0.0003,0.0023,0.0001,23.330000000000002,6.97,45.42,3.42,MLP,11,11,KBest,mutual_info,0:04:34.227409,0:04:35.745435,nci9
0.0025,0.0001,0.002,0.0,25.0,8.33,37.92,3.42,GaussianNB,11,11,KBest,mutual_info,0:04:34.227409,0:04:35.745435,nci9
0.0021,0.0001,0.0035,0.0001,25.0,0.0,25.419999999999998,0.9299999999999999,KNeighbors,12,12,KBest,mutual_info,0:04:34.227409,0:04:35.745435,nci9
0.0036,0.0002,0.002,0.0,26.669999999999998,6.97,46.25,3.73,LinearSVC,12,12,KBest,mutual_info,0:04:34.227409,0:04:35.745435,nci9
0.1357,0.0004,0.0085,0.0001,26.669999999999998,6.97,47.08,3.16,RandomForest,12,12,KBest,mutual_info,0:04:34.227409,0:04:35.745435,nci9
0.0492,0.0012,0.005,0.0001,31.669999999999998,3.73,32.92,0.9299999999999999,XGB,12,12,KBest,mutual_info,0:04:34.227409,0:04:35.745435,nci9
0.1001,0.0005,0.0023,0.0001,26.669999999999998,6.97,47.08,3.16,MLP,12,12,KBest,mutual_info,0:04:34.227409,0:04:35.745435,nci9
0.0025,0.0,0.002,0.0,26.669999999999998,6.97,37.92,3.42,GaussianNB,12,12,KBest,mutual_info,0:04:34.227409,0:04:35.745435,nci9
0.002,0.0001,0.0035,0.0001,25.0,0.0,25.419999999999998,0.9299999999999999,KNeighbors,13,13,KBest,mutual_info,0:04:34.227409,0:04:35.745435,nci9
0.0038,0.0002,0.002,0.0,28.33,4.5600000000000005,47.92,4.17,LinearSVC,13,13,KBest,mutual_info,0:04:34.227409,0:04:35.745435,nci9
0.1355,0.0004,0.0086,0.0001,28.33,4.5600000000000005,48.75,3.7800000000000002,RandomForest,13,13,KBest,mutual_info,0:04:34.227409,0:04:35.745435,nci9
0.0496,0.001,0.0051,0.0001,31.669999999999998,3.73,32.92,0.9299999999999999,XGB,13,13,KBest,mutual_info,0:04:34.227409,0:04:35.745435,nci9
0.0999,0.0004,0.0023,0.0,25.0,5.89,48.75,3.7800000000000002,MLP,13,13,KBest,mutual_info,0:04:34.227409,0:04:35.745435,nci9
0.0024,0.0,0.0019,0.0,26.669999999999998,6.97,37.92,3.73,GaussianNB,13,13,KBest,mutual_info,0:04:34.227409,0:04:35.745435,nci9
0.002,0.0001,0.0034,0.0001,26.669999999999998,3.73,27.92,1.1400000000000001,KNeighbors,14,14,KBest,mutual_info,0:04:34.227409,0:04:35.745435,nci9
0.0039,0.0001,0.0018,0.0,23.330000000000002,6.97,50.0,2.9499999999999997,LinearSVC,14,14,KBest,mutual_info,0:04:34.227409,0:04:35.745435,nci9
0.1359,0.0003,0.0084,0.0,23.330000000000002,6.97,50.0,2.9499999999999997,RandomForest,14,14,KBest,mutual_info,0:04:34.227409,0:04:35.745435,nci9
0.0529,0.0013,0.0054,0.0001,28.33,4.5600000000000005,36.67,1.1400000000000001,XGB,14,14,KBest,mutual_info,0:04:34.227409,0:04:35.745435,nci9
0.1023,0.0003,0.0023,0.0,23.330000000000002,6.97,50.0,2.9499999999999997,MLP,14,14,KBest,mutual_info,0:04:34.227409,0:04:35.745435,nci9
0.0024,0.0,0.0019,0.0,23.330000000000002,6.97,41.67,4.17,GaussianNB,14,14,KBest,mutual_info,0:04:34.227409,0:04:35.745435,nci9
0.002,0.0001,0.0034,0.0001,25.0,0.0,27.92,1.1400000000000001,KNeighbors,15,15,KBest,mutual_info,0:04:34.227409,0:04:35.745435,nci9
0.0039,0.0002,0.0018,0.0,21.67,7.449999999999999,51.67,2.2800000000000002,LinearSVC,15,15,KBest,mutual_info,0:04:34.227409,0:04:35.745435,nci9
0.1362,0.0005,0.0085,0.0001,23.330000000000002,6.97,51.67,2.2800000000000002,RandomForest,15,15,KBest,mutual_info,0:04:34.227409,0:04:35.745435,nci9
0.0532,0.0014,0.0054,0.0001,28.33,4.5600000000000005,39.17,2.2800000000000002,XGB,15,15,KBest,mutual_info,0:04:34.227409,0:04:35.745435,nci9
0.1025,0.0005,0.0023,0.0,23.330000000000002,6.97,51.67,2.2800000000000002,MLP,15,15,KBest,mutual_info,0:04:34.227409,0:04:35.745435,nci9
0.0024,0.0,0.002,0.0001,25.0,8.33,43.33,4.01,GaussianNB,15,15,KBest,mutual_info,0:04:34.227409,0:04:35.745435,nci9
0.0019,0.0001,0.0033,0.0001,25.0,0.0,28.33,1.8599999999999999,KNeighbors,16,16,KBest,mutual_info,0:04:34.227409,0:04:35.745435,nci9
0.0041,0.0002,0.0018,0.0,20.0,4.5600000000000005,52.92,2.3800000000000003,LinearSVC,16,16,KBest,mutual_info,0:04:34.227409,0:04:35.745435,nci9
0.1364,0.0003,0.0084,0.0,25.0,5.89,52.92,2.3800000000000003,RandomForest,16,16,KBest,mutual_info,0:04:34.227409,0:04:35.745435,nci9
0.0538,0.0013,0.0056,0.0,28.33,4.5600000000000005,39.17,2.2800000000000002,XGB,16,16,KBest,mutual_info,0:04:34.227409,0:04:35.745435,nci9
0.1039,0.0004,0.0023,0.0,25.0,5.89,52.92,2.3800000000000003,MLP,16,16,KBest,mutual_info,0:04:34.227409,0:04:35.745435,nci9
0.0024,0.0,0.002,0.0,25.0,8.33,45.83,4.17,GaussianNB,16,16,KBest,mutual_info,0:04:34.227409,0:04:35.745435,nci9
0.0019,0.0001,0.0033,0.0001,25.0,0.0,30.0,1.1400000000000001,KNeighbors,17,17,KBest,mutual_info,0:04:34.227409,0:04:35.745435,nci9
0.0044,0.0004,0.002,0.0,20.0,4.5600000000000005,55.83,2.7199999999999998,LinearSVC,17,17,KBest,mutual_info,0:04:34.227409,0:04:35.745435,nci9
0.1366,0.0004,0.0086,0.0,26.669999999999998,6.97,56.25,3.29,RandomForest,17,17,KBest,mutual_info,0:04:34.227409,0:04:35.745435,nci9
0.0543,0.0014,0.0058,0.0001,28.33,4.5600000000000005,39.17,2.2800000000000002,XGB,17,17,KBest,mutual_info,0:04:34.227409,0:04:35.745435,nci9
0.1052,0.0003,0.0024,0.0,23.330000000000002,6.97,56.25,3.29,MLP,17,17,KBest,mutual_info,0:04:34.227409,0:04:35.745435,nci9
0.0025,0.0,0.0022,0.0,21.67,4.5600000000000005,43.75,5.510000000000001,GaussianNB,17,17,KBest,mutual_info,0:04:34.227409,0:04:35.745435,nci9
0.0019,0.0,0.0034,0.0001,25.0,0.0,29.17,1.47,KNeighbors,18,18,KBest,mutual_info,0:04:34.227409,0:04:35.745435,nci9
0.0046,0.0005,0.002,0.0001,20.0,4.5600000000000005,57.49999999999999,3.49,LinearSVC,18,18,KBest,mutual_info,0:04:34.227409,0:04:35.745435,nci9
0.1362,0.0003,0.0086,0.0001,23.330000000000002,6.97,59.17,4.32,RandomForest,18,18,KBest,mutual_info,0:04:34.227409,0:04:35.745435,nci9
0.0551,0.0017,0.006,0.0,28.33,4.5600000000000005,39.17,3.42,XGB,18,18,KBest,mutual_info,0:04:34.227409,0:04:35.745435,nci9
0.1055,0.0005,0.0024,0.0,25.0,10.209999999999999,59.17,4.32,MLP,18,18,KBest,mutual_info,0:04:34.227409,0:04:35.745435,nci9
0.0025,0.0001,0.0022,0.0,21.67,7.449999999999999,45.83,3.9,GaussianNB,18,18,KBest,mutual_info,0:04:34.227409,0:04:35.745435,nci9
0.0019,0.0,0.0034,0.0001,25.0,0.0,27.500000000000004,2.2800000000000002,KNeighbors,19,19,KBest,mutual_info,0:04:34.227409,0:04:35.745435,nci9
0.0047,0.0005,0.002,0.0001,15.0,9.13,58.75,3.42,LinearSVC,19,19,KBest,mutual_info,0:04:34.227409,0:04:35.745435,nci9
0.1372,0.0003,0.0086,0.0,21.67,4.5600000000000005,60.419999999999995,4.17,RandomForest,19,19,KBest,mutual_info,0:04:34.227409,0:04:35.745435,nci9
0.0558,0.0013,0.0062,0.0001,28.33,4.5600000000000005,38.75,3.16,XGB,19,19,KBest,mutual_info,0:04:34.227409,0:04:35.745435,nci9
0.1053,0.0005,0.0024,0.0001,21.67,4.5600000000000005,60.419999999999995,4.17,MLP,19,19,KBest,mutual_info,0:04:34.227409,0:04:35.745435,nci9
0.0025,0.0,0.0022,0.0,20.0,7.449999999999999,46.67,4.5600000000000005,GaussianNB,19,19,KBest,mutual_info,0:04:34.227409,0:04:35.745435,nci9
0.002,0.0,0.0035,0.0,23.330000000000002,3.73,29.17,2.55,KNeighbors,20,20,KBest,mutual_info,0:04:34.227409,0:04:35.745435,nci9
0.0049,0.0003,0.002,0.0001,15.0,9.13,62.08,4.97,LinearSVC,20,20,KBest,mutual_info,0:04:34.227409,0:04:35.745435,nci9
0.137,0.0004,0.0086,0.0001,21.67,7.449999999999999,63.74999999999999,3.16,RandomForest,20,20,KBest,mutual_info,0:04:34.227409,0:04:35.745435,nci9
0.0568,0.0012,0.0063,0.0001,25.0,10.209999999999999,41.25,4.01,XGB,20,20,KBest,mutual_info,0:04:34.227409,0:04:35.745435,nci9
0.1061,0.0004,0.0024,0.0001,20.0,9.5,63.74999999999999,3.16,MLP,20,20,KBest,mutual_info,0:04:34.227409,0:04:35.745435,nci9
0.0025,0.0001,0.0022,0.0,20.0,7.449999999999999,50.0,3.9,GaussianNB,20,20,KBest,mutual_info,0:04:34.227409,0:04:35.745435,nci9
0.002,0.0,0.0035,0.0,20.0,4.5600000000000005,27.92,1.8599999999999999,KNeighbors,21,21,KBest,mutual_info,0:04:34.227409,0:04:35.745435,nci9
0.0051,0.0005,0.002,0.0001,16.669999999999998,11.790000000000001,63.74999999999999,4.5600000000000005,LinearSVC,21,21,KBest,mutual_info,0:04:34.227409,0:04:35.745435,nci9
0.1368,0.0002,0.0086,0.0,23.330000000000002,6.97,65.83,3.16,RandomForest,21,21,KBest,mutual_info,0:04:34.227409,0:04:35.745435,nci9
0.0576,0.0005,0.0065,0.0001,21.67,9.5,44.17,0.9299999999999999,XGB,21,21,KBest,mutual_info,0:04:34.227409,0:04:35.745435,nci9
0.1063,0.0005,0.0024,0.0,25.0,11.790000000000001,65.83,3.16,MLP,21,21,KBest,mutual_info,0:04:34.227409,0:04:35.745435,nci9
0.0025,0.0,0.0022,0.0,21.67,7.449999999999999,51.67,4.75,GaussianNB,21,21,KBest,mutual_info,0:04:34.227409,0:04:35.745435,nci9
0.002,0.0001,0.0035,0.0001,18.33,6.97,31.669999999999998,8.12,KNeighbors,22,22,KBest,mutual_info,0:04:34.227409,0:04:35.745435,nci9
0.0052,0.0004,0.002,0.0001,16.669999999999998,11.790000000000001,65.42,4.8,LinearSVC,22,22,KBest,mutual_info,0:04:34.227409,0:04:35.745435,nci9
0.1377,0.0004,0.0086,0.0001,25.0,5.89,67.5,3.7800000000000002,RandomForest,22,22,KBest,mutual_info,0:04:34.227409,0:04:35.745435,nci9
0.0588,0.0011,0.0067,0.0,21.67,9.5,44.17,0.9299999999999999,XGB,22,22,KBest,mutual_info,0:04:34.227409,0:04:35.745435,nci9
0.1064,0.0005,0.0024,0.0,23.330000000000002,6.97,67.5,3.7800000000000002,MLP,22,22,KBest,mutual_info,0:04:34.227409,0:04:35.745435,nci9
0.0025,0.0001,0.0022,0.0,20.0,7.449999999999999,52.92,3.49,GaussianNB,22,22,KBest,mutual_info,0:04:34.227409,0:04:35.745435,nci9
0.002,0.0,0.0035,0.0,16.669999999999998,5.89,31.25,8.59,KNeighbors,23,23,KBest,mutual_info,0:04:34.227409,0:04:35.745435,nci9
0.0056,0.0004,0.0021,0.0,16.669999999999998,11.790000000000001,65.42,4.8,LinearSVC,23,23,KBest,mutual_info,0:04:34.227409,0:04:35.745435,nci9
0.1369,0.0001,0.0086,0.0,23.330000000000002,6.97,67.5,3.7800000000000002,RandomForest,23,23,KBest,mutual_info,0:04:34.227409,0:04:35.745435,nci9
0.0591,0.0006,0.0069,0.0002,21.67,9.5,44.17,0.9299999999999999,XGB,23,23,KBest,mutual_info,0:04:34.227409,0:04:35.745435,nci9
0.1071,0.0004,0.0024,0.0001,25.0,11.790000000000001,67.5,3.7800000000000002,MLP,23,23,KBest,mutual_info,0:04:34.227409,0:04:35.745435,nci9
0.0025,0.0,0.0022,0.0,20.0,7.449999999999999,52.92,4.32,GaussianNB,23,23,KBest,mutual_info,0:04:34.227409,0:04:35.745435,nci9
0.002,0.0001,0.0035,0.0,16.669999999999998,5.89,31.25,8.59,KNeighbors,24,24,KBest,mutual_info,0:04:34.227409,0:04:35.745435,nci9
0.006,0.0007,0.0021,0.0,16.669999999999998,11.790000000000001,65.42,4.8,LinearSVC,24,24,KBest,mutual_info,0:04:34.227409,0:04:35.745435,nci9
0.1372,0.0002,0.0086,0.0,20.0,9.5,67.5,3.7800000000000002,RandomForest,24,24,KBest,mutual_info,0:04:34.227409,0:04:35.745435,nci9
0.0598,0.0004,0.0071,0.0001,21.67,9.5,44.17,0.9299999999999999,XGB,24,24,KBest,mutual_info,0:04:34.227409,0:04:35.745435,nci9
0.1073,0.0005,0.0024,0.0001,23.330000000000002,10.870000000000001,67.5,3.7800000000000002,MLP,24,24,KBest,mutual_info,0:04:34.227409,0:04:35.745435,nci9
0.0025,0.0,0.0023,0.0,20.0,7.449999999999999,52.5,3.73,GaussianNB,24,24,KBest,mutual_info,0:04:34.227409,0:04:35.745435,nci9
0.002,0.0001,0.0035,0.0,16.669999999999998,5.89,30.42,8.91,KNeighbors,25,25,KBest,mutual_info,0:04:34.227409,0:04:35.745435,nci9
0.0067,0.0008,0.0021,0.0,16.669999999999998,11.790000000000001,65.42,4.8,LinearSVC,25,25,KBest,mutual_info,0:04:34.227409,0:04:35.745435,nci9
0.1378,0.0003,0.0086,0.0001,23.330000000000002,6.97,67.5,3.7800000000000002,RandomForest,25,25,KBest,mutual_info,0:04:34.227409,0:04:35.745435,nci9
0.0606,0.0011,0.0072,0.0001,21.67,9.5,44.17,0.9299999999999999,XGB,25,25,KBest,mutual_info,0:04:34.227409,0:04:35.745435,nci9
0.108,0.0002,0.0025,0.0,26.669999999999998,9.13,67.5,3.7800000000000002,MLP,25,25,KBest,mutual_info,0:04:34.227409,0:04:35.745435,nci9
0.0025,0.0,0.0023,0.0,20.0,7.449999999999999,52.5,3.73,GaussianNB,25,25,KBest,mutual_info,0:04:34.227409,0:04:35.745435,nci9
0.002,0.0001,0.0035,0.0001,15.0,3.73,30.42,9.15,KNeighbors,26,26,KBest,mutual_info,0:04:34.227409,0:04:35.745435,nci9
0.0072,0.0013,0.0021,0.0,16.669999999999998,11.790000000000001,65.83,5.2299999999999995,LinearSVC,26,26,KBest,mutual_info,0:04:34.227409,0:04:35.745435,nci9
0.1372,0.0003,0.0086,0.0001,23.330000000000002,6.97,67.5,3.7800000000000002,RandomForest,26,26,KBest,mutual_info,0:04:34.227409,0:04:35.745435,nci9
0.0609,0.0005,0.0074,0.0001,21.67,9.5,44.17,0.9299999999999999,XGB,26,26,KBest,mutual_info,0:04:34.227409,0:04:35.745435,nci9
0.1086,0.0006,0.0024,0.0001,23.330000000000002,9.13,67.5,3.7800000000000002,MLP,26,26,KBest,mutual_info,0:04:34.227409,0:04:35.745435,nci9
0.0025,0.0001,0.0022,0.0,20.0,7.449999999999999,54.58,3.73,GaussianNB,26,26,KBest,mutual_info,0:04:34.227409,0:04:35.745435,nci9
0.002,0.0001,0.0035,0.0001,15.0,3.73,30.42,9.15,KNeighbors,27,27,KBest,mutual_info,0:04:34.227409,0:04:35.745435,nci9
0.0073,0.0011,0.002,0.0001,16.669999999999998,11.790000000000001,65.83,5.2299999999999995,LinearSVC,27,27,KBest,mutual_info,0:04:34.227409,0:04:35.745435,nci9
0.1377,0.0004,0.0086,0.0001,23.330000000000002,6.97,67.5,3.7800000000000002,RandomForest,27,27,KBest,mutual_info,0:04:34.227409,0:04:35.745435,nci9
0.0615,0.0007,0.0075,0.0001,21.67,9.5,44.17,0.9299999999999999,XGB,27,27,KBest,mutual_info,0:04:34.227409,0:04:35.745435,nci9
0.1084,0.0005,0.0024,0.0001,21.67,7.449999999999999,67.5,3.7800000000000002,MLP,27,27,KBest,mutual_info,0:04:34.227409,0:04:35.745435,nci9
0.0025,0.0001,0.0022,0.0,20.0,7.449999999999999,54.169999999999995,3.9,GaussianNB,27,27,KBest,mutual_info,0:04:34.227409,0:04:35.745435,nci9
0.002,0.0001,0.0035,0.0,16.669999999999998,5.89,30.42,9.15,KNeighbors,28,28,KBest,mutual_info,0:04:34.227409,0:04:35.745435,nci9
0.0077,0.0008,0.002,0.0001,16.669999999999998,11.790000000000001,65.83,5.2299999999999995,LinearSVC,28,28,KBest,mutual_info,0:04:34.227409,0:04:35.745435,nci9
0.1377,0.0004,0.0087,0.0,23.330000000000002,6.97,67.5,3.7800000000000002,RandomForest,28,28,KBest,mutual_info,0:04:34.227409,0:04:35.745435,nci9
0.0618,0.0007,0.0078,0.0001,21.67,9.5,44.17,0.9299999999999999,XGB,28,28,KBest,mutual_info,0:04:34.227409,0:04:35.745435,nci9
0.1087,0.0005,0.0024,0.0,20.0,12.64,67.5,3.7800000000000002,MLP,28,28,KBest,mutual_info,0:04:34.227409,0:04:35.745435,nci9
0.0025,0.0001,0.0023,0.0,20.0,7.449999999999999,52.92,4.32,GaussianNB,28,28,KBest,mutual_info,0:04:34.227409,0:04:35.745435,nci9
0.002,0.0,0.0035,0.0001,16.669999999999998,5.89,30.830000000000002,9.01,KNeighbors,29,29,KBest,mutual_info,0:04:34.227409,0:04:35.745435,nci9
0.0082,0.0015,0.002,0.0001,15.0,12.36,67.5,3.7800000000000002,LinearSVC,29,29,KBest,mutual_info,0:04:34.227409,0:04:35.745435,nci9
0.1374,0.0001,0.0087,0.0,21.67,7.449999999999999,67.5,3.7800000000000002,RandomForest,29,29,KBest,mutual_info,0:04:34.227409,0:04:35.745435,nci9
0.0624,0.0005,0.0078,0.0001,21.67,9.5,43.75,1.47,XGB,29,29,KBest,mutual_info,0:04:34.227409,0:04:35.745435,nci9
0.1092,0.0004,0.0024,0.0,20.0,9.5,67.5,3.7800000000000002,MLP,29,29,KBest,mutual_info,0:04:34.227409,0:04:35.745435,nci9
0.0025,0.0001,0.0023,0.0,18.33,6.97,54.169999999999995,4.17,GaussianNB,29,29,KBest,mutual_info,0:04:34.227409,0:04:35.745435,nci9
0.002,0.0001,0.0035,0.0001,15.0,3.73,31.25,9.879999999999999,KNeighbors,30,30,KBest,mutual_info,0:04:34.227409,0:04:35.745435,nci9
0.0087,0.0013,0.002,0.0001,13.33,9.5,67.5,3.7800000000000002,LinearSVC,30,30,KBest,mutual_info,0:04:34.227409,0:04:35.745435,nci9
0.1375,0.0002,0.0086,0.0,23.330000000000002,6.97,67.5,3.7800000000000002,RandomForest,30,30,KBest,mutual_info,0:04:34.227409,0:04:35.745435,nci9
0.063,0.0007,0.0079,0.0001,21.67,9.5,43.75,1.47,XGB,30,30,KBest,mutual_info,0:04:34.227409,0:04:35.745435,nci9
0.1093,0.0005,0.0024,0.0,21.67,12.64,67.5,3.7800000000000002,MLP,30,30,KBest,mutual_info,0:04:34.227409,0:04:35.745435,nci9
0.0026,0.0001,0.0023,0.0001,18.33,6.97,54.169999999999995,4.17,GaussianNB,30,30,KBest,mutual_info,0:04:34.227409,0:04:35.745435,nci9
0.002,0.0001,0.0035,0.0001,15.0,3.73,31.25,9.879999999999999,KNeighbors,31,31,KBest,mutual_info,0:04:34.227409,0:04:35.745435,nci9
0.0091,0.0011,0.0021,0.0001,15.0,12.36,67.5,3.7800000000000002,LinearSVC,31,31,KBest,mutual_info,0:04:34.227409,0:04:35.745435,nci9
0.1378,0.0004,0.0087,0.0,21.67,9.5,67.5,3.7800000000000002,RandomForest,31,31,KBest,mutual_info,0:04:34.227409,0:04:35.745435,nci9
0.0634,0.0006,0.0082,0.0001,21.67,9.5,43.75,1.47,XGB,31,31,KBest,mutual_info,0:04:34.227409,0:04:35.745435,nci9
0.11,0.0004,0.0024,0.0001,21.67,12.64,67.5,3.7800000000000002,MLP,31,31,KBest,mutual_info,0:04:34.227409,0:04:35.745435,nci9
0.0026,0.0,0.0023,0.0,18.33,6.97,54.169999999999995,4.17,GaussianNB,31,31,KBest,mutual_info,0:04:34.227409,0:04:35.745435,nci9
0.002,0.0001,0.0035,0.0001,15.0,3.73,32.5,10.27,KNeighbors,32,32,KBest,mutual_info,0:04:34.227409,0:04:35.745435,nci9
0.0092,0.0003,0.0021,0.0001,15.0,12.36,67.5,3.7800000000000002,LinearSVC,32,32,KBest,mutual_info,0:04:34.227409,0:04:35.745435,nci9
0.1375,0.0004,0.0087,0.0001,18.33,12.36,67.5,3.7800000000000002,RandomForest,32,32,KBest,mutual_info,0:04:34.227409,0:04:35.745435,nci9
0.0647,0.0022,0.0085,0.0003,21.67,9.5,43.75,1.47,XGB,32,32,KBest,mutual_info,0:04:34.227409,0:04:35.745435,nci9
0.1102,0.0003,0.0025,0.0,21.67,7.449999999999999,67.5,3.7800000000000002,MLP,32,32,KBest,mutual_info,0:04:34.227409,0:04:35.745435,nci9
0.0025,0.0001,0.0023,0.0,18.33,6.97,55.42,4.32,GaussianNB,32,32,KBest,mutual_info,0:04:34.227409,0:04:35.745435,nci9
0.002,0.0001,0.0035,0.0001,18.33,6.97,31.25,8.33,KNeighbors,33,33,KBest,mutual_info,0:04:34.227409,0:04:35.745435,nci9
0.0103,0.0007,0.0021,0.0001,15.0,12.36,67.5,3.7800000000000002,LinearSVC,33,33,KBest,mutual_info,0:04:34.227409,0:04:35.745435,nci9
0.1379,0.0002,0.0087,0.0001,20.0,9.5,67.5,3.7800000000000002,RandomForest,33,33,KBest,mutual_info,0:04:34.227409,0:04:35.745435,nci9
0.0651,0.0007,0.0086,0.0002,25.0,8.33,46.25,3.73,XGB,33,33,KBest,mutual_info,0:04:34.227409,0:04:35.745435,nci9
0.1101,0.0003,0.0025,0.0,23.330000000000002,6.97,67.5,3.7800000000000002,MLP,33,33,KBest,mutual_info,0:04:34.227409,0:04:35.745435,nci9
0.0026,0.0001,0.0023,0.0001,18.33,6.97,56.67,4.52,GaussianNB,33,33,KBest,mutual_info,0:04:34.227409,0:04:35.745435,nci9
0.002,0.0001,0.0035,0.0001,23.330000000000002,9.13,33.33,8.459999999999999,KNeighbors,34,34,KBest,mutual_info,0:04:34.227409,0:04:35.745435,nci9
0.011,0.0011,0.002,0.0001,15.0,12.36,70.0,4.06,LinearSVC,34,34,KBest,mutual_info,0:04:34.227409,0:04:35.745435,nci9
0.1378,0.0004,0.0087,0.0,20.0,9.5,70.42,3.42,RandomForest,34,34,KBest,mutual_info,0:04:34.227409,0:04:35.745435,nci9
0.0665,0.0007,0.0088,0.0002,26.669999999999998,9.13,49.17,1.1400000000000001,XGB,34,34,KBest,mutual_info,0:04:34.227409,0:04:35.745435,nci9
0.1121,0.0004,0.0025,0.0,25.0,11.790000000000001,70.42,3.42,MLP,34,34,KBest,mutual_info,0:04:34.227409,0:04:35.745435,nci9
0.0026,0.0,0.0023,0.0,20.0,4.5600000000000005,59.58,4.06,GaussianNB,34,34,KBest,mutual_info,0:04:34.227409,0:04:35.745435,nci9
0.0021,0.0001,0.0035,0.0001,23.330000000000002,9.13,32.5,10.059999999999999,KNeighbors,35,35,KBest,mutual_info,0:04:34.227409,0:04:35.745435,nci9
0.0111,0.0009,0.0021,0.0001,18.33,14.91,70.0,4.06,LinearSVC,35,35,KBest,mutual_info,0:04:34.227409,0:04:35.745435,nci9
0.1378,0.0004,0.0087,0.0,18.33,10.870000000000001,70.42,3.42,RandomForest,35,35,KBest,mutual_info,0:04:34.227409,0:04:35.745435,nci9
0.0667,0.0009,0.0088,0.0001,25.0,8.33,48.75,1.1400000000000001,XGB,35,35,KBest,mutual_info,0:04:34.227409,0:04:35.745435,nci9
0.1119,0.0004,0.0025,0.0001,25.0,14.430000000000001,70.42,3.42,MLP,35,35,KBest,mutual_info,0:04:34.227409,0:04:35.745435,nci9
0.0026,0.0001,0.0023,0.0001,20.0,9.5,61.25000000000001,4.8,GaussianNB,35,35,KBest,mutual_info,0:04:34.227409,0:04:35.745435,nci9
0.002,0.0,0.0035,0.0001,23.330000000000002,9.13,33.75,9.36,KNeighbors,36,36,KBest,mutual_info,0:04:34.227409,0:04:35.745435,nci9
0.0107,0.0014,0.0021,0.0001,18.33,14.91,70.0,4.06,LinearSVC,36,36,KBest,mutual_info,0:04:34.227409,0:04:35.745435,nci9
0.1378,0.0005,0.0087,0.0,20.0,9.5,70.42,3.42,RandomForest,36,36,KBest,mutual_info,0:04:34.227409,0:04:35.745435,nci9
0.0674,0.0009,0.0091,0.0002,25.0,8.33,48.75,1.1400000000000001,XGB,36,36,KBest,mutual_info,0:04:34.227409,0:04:35.745435,nci9
0.1125,0.0004,0.0025,0.0,25.0,11.790000000000001,70.42,3.42,MLP,36,36,KBest,mutual_info,0:04:34.227409,0:04:35.745435,nci9
0.0026,0.0,0.0023,0.0,18.33,10.870000000000001,61.25000000000001,4.8,GaussianNB,36,36,KBest,mutual_info,0:04:34.227409,0:04:35.745435,nci9
0.002,0.0001,0.0035,0.0001,20.0,9.5,33.33,8.459999999999999,KNeighbors,37,37,KBest,mutual_info,0:04:34.227409,0:04:35.745435,nci9
0.0119,0.0013,0.002,0.0001,18.33,14.91,71.67,3.16,LinearSVC,37,37,KBest,mutual_info,0:04:34.227409,0:04:35.745435,nci9
0.1377,0.0001,0.0087,0.0,18.33,10.870000000000001,71.67,3.16,RandomForest,37,37,KBest,mutual_info,0:04:34.227409,0:04:35.745435,nci9
0.0678,0.0016,0.0092,0.0001,20.0,9.5,47.92,2.55,XGB,37,37,KBest,mutual_info,0:04:34.227409,0:04:35.745435,nci9
0.1133,0.0004,0.0025,0.0001,21.67,9.5,71.67,3.16,MLP,37,37,KBest,mutual_info,0:04:34.227409,0:04:35.745435,nci9
0.0026,0.0001,0.0023,0.0,21.67,12.64,61.25000000000001,4.8,GaussianNB,37,37,KBest,mutual_info,0:04:34.227409,0:04:35.745435,nci9
0.0021,0.0001,0.0035,0.0001,25.0,5.89,40.42,6.69,KNeighbors,38,38,KBest,mutual_info,0:04:34.227409,0:04:35.745435,nci9
0.0113,0.002,0.0021,0.0,20.0,16.24,75.0,2.08,LinearSVC,38,38,KBest,mutual_info,0:04:34.227409,0:04:35.745435,nci9
0.1386,0.0004,0.0087,0.0001,23.330000000000002,10.870000000000001,75.0,2.08,RandomForest,38,38,KBest,mutual_info,0:04:34.227409,0:04:35.745435,nci9
0.069,0.0017,0.0094,0.0001,18.33,6.97,49.17,3.16,XGB,38,38,KBest,mutual_info,0:04:34.227409,0:04:35.745435,nci9
0.1139,0.0004,0.0025,0.0,26.669999999999998,13.69,75.0,2.08,MLP,38,38,KBest,mutual_info,0:04:34.227409,0:04:35.745435,nci9
0.0026,0.0,0.0024,0.0,21.67,12.64,62.08,3.73,GaussianNB,38,38,KBest,mutual_info,0:04:34.227409,0:04:35.745435,nci9
0.0021,0.0001,0.0035,0.0,23.330000000000002,6.97,39.58,6.419999999999999,KNeighbors,39,39,KBest,mutual_info,0:04:34.227409,0:04:35.745435,nci9
0.0136,0.0026,0.0021,0.0,18.33,13.69,75.0,2.08,LinearSVC,39,39,KBest,mutual_info,0:04:34.227409,0:04:35.745435,nci9
0.1383,0.0003,0.0087,0.0001,21.67,9.5,75.0,2.08,RandomForest,39,39,KBest,mutual_info,0:04:34.227409,0:04:35.745435,nci9
0.0692,0.0016,0.0097,0.0002,18.33,6.97,49.17,3.16,XGB,39,39,KBest,mutual_info,0:04:34.227409,0:04:35.745435,nci9
0.1145,0.0003,0.0025,0.0,21.67,12.64,75.0,2.08,MLP,39,39,KBest,mutual_info,0:04:34.227409,0:04:35.745435,nci9
0.0026,0.0,0.0024,0.0,20.0,13.94,62.5,3.29,GaussianNB,39,39,KBest,mutual_info,0:04:34.227409,0:04:35.745435,nci9
0.0021,0.0001,0.0035,0.0,21.67,7.449999999999999,37.08,5.970000000000001,KNeighbors,40,40,KBest,mutual_info,0:04:34.227409,0:04:35.745435,nci9
0.0127,0.0007,0.0021,0.0001,18.33,13.69,75.0,2.08,LinearSVC,40,40,KBest,mutual_info,0:04:34.227409,0:04:35.745435,nci9
0.1387,0.0003,0.0088,0.0001,23.330000000000002,10.870000000000001,75.0,2.08,RandomForest,40,40,KBest,mutual_info,0:04:34.227409,0:04:35.745435,nci9
0.0707,0.0015,0.0098,0.0,25.0,5.89,54.169999999999995,3.29,XGB,40,40,KBest,mutual_info,0:04:34.227409,0:04:35.745435,nci9
0.1146,0.0004,0.0025,0.0,23.330000000000002,10.870000000000001,75.0,2.08,MLP,40,40,KBest,mutual_info,0:04:34.227409,0:04:35.745435,nci9
0.0026,0.0,0.0024,0.0,20.0,13.94,64.58,2.55,GaussianNB,40,40,KBest,mutual_info,0:04:34.227409,0:04:35.745435,nci9
0.0021,0.0,0.0035,0.0001,21.67,7.449999999999999,37.5,5.89,KNeighbors,41,41,KBest,mutual_info,0:04:34.227409,0:04:35.745435,nci9
0.0148,0.001,0.002,0.0001,16.669999999999998,11.790000000000001,75.0,2.08,LinearSVC,41,41,KBest,mutual_info,0:04:34.227409,0:04:35.745435,nci9
0.1382,0.0004,0.0088,0.0,23.330000000000002,10.870000000000001,75.0,2.08,RandomForest,41,41,KBest,mutual_info,0:04:34.227409,0:04:35.745435,nci9
0.0715,0.0012,0.0099,0.0001,26.669999999999998,6.97,55.00000000000001,4.06,XGB,41,41,KBest,mutual_info,0:04:34.227409,0:04:35.745435,nci9
0.1155,0.0006,0.0026,0.0002,25.0,19.54,75.0,2.08,MLP,41,41,KBest,mutual_info,0:04:34.227409,0:04:35.745435,nci9
0.0027,0.0,0.0023,0.0001,18.33,16.03,64.17,2.7199999999999998,GaussianNB,41,41,KBest,mutual_info,0:04:34.227409,0:04:35.745435,nci9
0.0021,0.0001,0.0035,0.0001,20.0,7.449999999999999,37.5,6.069999999999999,KNeighbors,42,42,KBest,mutual_info,0:04:34.227409,0:04:35.745435,nci9
0.0138,0.0011,0.0021,0.0001,21.67,13.94,75.0,2.08,LinearSVC,42,42,KBest,mutual_info,0:04:34.227409,0:04:35.745435,nci9
0.1384,0.0003,0.0087,0.0001,25.0,8.33,75.0,2.08,RandomForest,42,42,KBest,mutual_info,0:04:34.227409,0:04:35.745435,nci9
0.0722,0.0012,0.0102,0.0002,26.669999999999998,6.97,55.00000000000001,4.06,XGB,42,42,KBest,mutual_info,0:04:34.227409,0:04:35.745435,nci9
0.1153,0.0003,0.0026,0.0002,30.0,20.07,75.0,2.08,MLP,42,42,KBest,mutual_info,0:04:34.227409,0:04:35.745435,nci9
0.0026,0.0,0.0024,0.0,20.0,19.18,64.17,2.7199999999999998,GaussianNB,42,42,KBest,mutual_info,0:04:34.227409,0:04:35.745435,nci9
0.0021,0.0001,0.0035,0.0001,20.0,7.449999999999999,38.75,6.8500000000000005,KNeighbors,43,43,KBest,mutual_info,0:04:34.227409,0:04:35.745435,nci9
0.016,0.0017,0.0021,0.0,21.67,9.5,75.0,2.08,LinearSVC,43,43,KBest,mutual_info,0:04:34.227409,0:04:35.745435,nci9
0.1387,0.0006,0.0087,0.0,26.669999999999998,10.870000000000001,75.0,2.08,RandomForest,43,43,KBest,mutual_info,0:04:34.227409,0:04:35.745435,nci9
0.0727,0.0014,0.0102,0.0,26.669999999999998,6.97,55.00000000000001,4.06,XGB,43,43,KBest,mutual_info,0:04:34.227409,0:04:35.745435,nci9
0.1157,0.0004,0.0025,0.0,26.669999999999998,13.69,75.0,2.08,MLP,43,43,KBest,mutual_info,0:04:34.227409,0:04:35.745435,nci9
0.0026,0.0001,0.0023,0.0001,20.0,19.18,64.17,2.7199999999999998,GaussianNB,43,43,KBest,mutual_info,0:04:34.227409,0:04:35.745435,nci9
0.0021,0.0001,0.0035,0.0001,20.0,7.449999999999999,38.75,6.8500000000000005,KNeighbors,44,44,KBest,mutual_info,0:04:34.227409,0:04:35.745435,nci9
0.0154,0.0011,0.0022,0.0,20.0,12.64,75.0,2.08,LinearSVC,44,44,KBest,mutual_info,0:04:34.227409,0:04:35.745435,nci9
0.1383,0.0004,0.0087,0.0,25.0,10.209999999999999,75.0,2.08,RandomForest,44,44,KBest,mutual_info,0:04:34.227409,0:04:35.745435,nci9
0.0736,0.0011,0.0104,0.0001,26.669999999999998,6.97,55.00000000000001,4.06,XGB,44,44,KBest,mutual_info,0:04:34.227409,0:04:35.745435,nci9
0.1162,0.0003,0.0025,0.0,25.0,15.590000000000002,75.0,2.08,MLP,44,44,KBest,mutual_info,0:04:34.227409,0:04:35.745435,nci9
0.0026,0.0,0.0024,0.0,20.0,19.18,64.17,2.7199999999999998,GaussianNB,44,44,KBest,mutual_info,0:04:34.227409,0:04:35.745435,nci9
0.0021,0.0001,0.0035,0.0001,21.67,7.449999999999999,40.0,5.390000000000001,KNeighbors,45,45,KBest,mutual_info,0:04:34.227409,0:04:35.745435,nci9
0.0154,0.0017,0.0021,0.0001,23.330000000000002,10.870000000000001,75.0,2.08,LinearSVC,45,45,KBest,mutual_info,0:04:34.227409,0:04:35.745435,nci9
0.1383,0.0003,0.0087,0.0001,26.669999999999998,13.69,75.0,2.08,RandomForest,45,45,KBest,mutual_info,0:04:34.227409,0:04:35.745435,nci9
0.0745,0.0009,0.0106,0.0001,25.0,5.89,56.67,3.42,XGB,45,45,KBest,mutual_info,0:04:34.227409,0:04:35.745435,nci9
0.1164,0.0005,0.0026,0.0,26.669999999999998,16.03,75.0,2.08,MLP,45,45,KBest,mutual_info,0:04:34.227409,0:04:35.745435,nci9
0.0026,0.0001,0.0024,0.0,21.67,17.28,65.0,3.09,GaussianNB,45,45,KBest,mutual_info,0:04:34.227409,0:04:35.745435,nci9
0.0021,0.0001,0.0035,0.0001,20.0,7.449999999999999,41.67,6.59,KNeighbors,46,46,KBest,mutual_info,0:04:34.227409,0:04:35.745435,nci9
0.0166,0.0009,0.0022,0.0,23.330000000000002,10.870000000000001,75.0,2.08,LinearSVC,46,46,KBest,mutual_info,0:04:34.227409,0:04:35.745435,nci9
0.1384,0.0004,0.0087,0.0,25.0,15.590000000000002,75.0,2.08,RandomForest,46,46,KBest,mutual_info,0:04:34.227409,0:04:35.745435,nci9
0.0748,0.0009,0.0107,0.0001,23.330000000000002,3.73,56.67,3.42,XGB,46,46,KBest,mutual_info,0:04:34.227409,0:04:35.745435,nci9
0.1154,0.0004,0.0024,0.0,26.669999999999998,18.07,75.0,2.08,MLP,46,46,KBest,mutual_info,0:04:34.227409,0:04:35.745435,nci9
0.0026,0.0,0.0023,0.0,21.67,17.28,65.42,3.49,GaussianNB,46,46,KBest,mutual_info,0:04:34.227409,0:04:35.745435,nci9
0.002,0.0001,0.0034,0.0001,18.33,3.73,39.58,5.71,KNeighbors,47,47,KBest,mutual_info,0:04:34.227409,0:04:35.745435,nci9
0.0174,0.0015,0.002,0.0,23.330000000000002,13.69,75.0,2.08,LinearSVC,47,47,KBest,mutual_info,0:04:34.227409,0:04:35.745435,nci9
0.1383,0.0003,0.0086,0.0,28.33,9.5,75.0,2.08,RandomForest,47,47,KBest,mutual_info,0:04:34.227409,0:04:35.745435,nci9
0.0756,0.0012,0.0109,0.0001,26.669999999999998,6.97,56.67,3.42,XGB,47,47,KBest,mutual_info,0:04:34.227409,0:04:35.745435,nci9
0.117,0.0003,0.0024,0.0,25.0,15.590000000000002,75.0,2.08,MLP,47,47,KBest,mutual_info,0:04:34.227409,0:04:35.745435,nci9
0.0026,0.0,0.0023,0.0,21.67,17.28,66.25,4.01,GaussianNB,47,47,KBest,mutual_info,0:04:34.227409,0:04:35.745435,nci9
0.002,0.0001,0.0034,0.0001,16.669999999999998,11.790000000000001,40.42,7.31,KNeighbors,48,48,KBest,mutual_info,0:04:34.227409,0:04:35.745435,nci9
0.0181,0.0014,0.002,0.0,25.0,13.18,75.0,2.08,LinearSVC,48,48,KBest,mutual_info,0:04:34.227409,0:04:35.745435,nci9
0.1389,0.0004,0.0087,0.0,25.0,13.18,75.0,2.08,RandomForest,48,48,KBest,mutual_info,0:04:34.227409,0:04:35.745435,nci9
0.0762,0.0008,0.0111,0.0001,26.669999999999998,6.97,56.25,3.9,XGB,48,48,KBest,mutual_info,0:04:34.227409,0:04:35.745435,nci9
0.1169,0.0004,0.0024,0.0,23.330000000000002,22.36,75.0,2.08,MLP,48,48,KBest,mutual_info,0:04:34.227409,0:04:35.745435,nci9
0.0026,0.0,0.0023,0.0,23.330000000000002,16.03,66.67,3.9,GaussianNB,48,48,KBest,mutual_info,0:04:34.227409,0:04:35.745435,nci9
0.002,0.0001,0.0034,0.0001,16.669999999999998,11.790000000000001,39.58,7.37,KNeighbors,49,49,KBest,mutual_info,0:04:34.227409,0:04:35.745435,nci9
0.0132,0.0006,0.0019,0.0,25.0,13.18,75.0,2.08,LinearSVC,49,49,KBest,mutual_info,0:04:34.227409,0:04:35.745435,nci9
0.1389,0.0004,0.0086,0.0,25.0,13.18,75.0,2.08,RandomForest,49,49,KBest,mutual_info,0:04:34.227409,0:04:35.745435,nci9
0.0768,0.0017,0.0113,0.0002,26.669999999999998,6.97,57.08,4.32,XGB,49,49,KBest,mutual_info,0:04:34.227409,0:04:35.745435,nci9
0.1164,0.0006,0.0024,0.0,26.669999999999998,18.07,75.0,2.08,MLP,49,49,KBest,mutual_info,0:04:34.227409,0:04:35.745435,nci9
0.0026,0.0,0.0023,0.0,23.330000000000002,16.03,66.25,4.01,GaussianNB,49,49,KBest,mutual_info,0:04:34.227409,0:04:35.745435,nci9
0.002,0.0001,0.0034,0.0001,16.669999999999998,11.790000000000001,39.58,7.37,KNeighbors,50,50,KBest,mutual_info,0:04:34.227409,0:04:35.745435,nci9
0.0129,0.0009,0.002,0.0,25.0,13.18,75.0,2.08,LinearSVC,50,50,KBest,mutual_info,0:04:34.227409,0:04:35.745435,nci9
0.1387,0.0004,0.0087,0.0,30.0,12.64,75.0,2.08,RandomForest,50,50,KBest,mutual_info,0:04:34.227409,0:04:35.745435,nci9
0.077,0.0013,0.0116,0.0003,26.669999999999998,6.97,57.08,4.32,XGB,50,50,KBest,mutual_info,0:04:34.227409,0:04:35.745435,nci9
0.1179,0.0004,0.0025,0.0,25.0,13.18,75.0,2.08,MLP,50,50,KBest,mutual_info,0:04:34.227409,0:04:35.745435,nci9
0.0026,0.0,0.0023,0.0,23.330000000000002,16.03,66.25,4.01,GaussianNB,50,50,KBest,mutual_info,0:04:34.227409,0:04:35.745435,nci9
0.002,0.0001,0.0034,0.0001,16.669999999999998,11.790000000000001,39.58,7.37,KNeighbors,51,51,KBest,mutual_info,0:04:34.227409,0:04:35.745435,nci9
0.0138,0.0012,0.002,0.0,23.330000000000002,13.69,75.0,2.08,LinearSVC,51,51,KBest,mutual_info,0:04:34.227409,0:04:35.745435,nci9
0.1385,0.0004,0.0086,0.0,25.0,13.18,75.0,2.08,RandomForest,51,51,KBest,mutual_info,0:04:34.227409,0:04:35.745435,nci9
0.078,0.0013,0.0116,0.0001,26.669999999999998,6.97,57.08,4.32,XGB,51,51,KBest,mutual_info,0:04:34.227409,0:04:35.745435,nci9
0.1177,0.0005,0.0024,0.0,23.330000000000002,19.900000000000002,75.0,2.08,MLP,51,51,KBest,mutual_info,0:04:34.227409,0:04:35.745435,nci9
0.0026,0.0,0.0023,0.0,23.330000000000002,16.03,66.25,4.01,GaussianNB,51,51,KBest,mutual_info,0:04:34.227409,0:04:35.745435,nci9
0.0021,0.0001,0.0034,0.0001,16.669999999999998,11.790000000000001,42.08,9.48,KNeighbors,52,52,KBest,mutual_info,0:04:34.227409,0:04:35.745435,nci9
0.0143,0.0014,0.002,0.0,20.0,12.64,76.67,1.7399999999999998,LinearSVC,52,52,KBest,mutual_info,0:04:34.227409,0:04:35.745435,nci9
0.1389,0.0003,0.0086,0.0,25.0,10.209999999999999,76.67,1.7399999999999998,RandomForest,52,52,KBest,mutual_info,0:04:34.227409,0:04:35.745435,nci9
0.0782,0.0009,0.0117,0.0001,26.669999999999998,6.97,57.08,4.32,XGB,52,52,KBest,mutual_info,0:04:34.227409,0:04:35.745435,nci9
0.1179,0.0005,0.0024,0.0,20.0,15.14,76.67,1.7399999999999998,MLP,52,52,KBest,mutual_info,0:04:34.227409,0:04:35.745435,nci9
0.0026,0.0,0.0023,0.0,26.669999999999998,14.91,69.17,3.09,GaussianNB,52,52,KBest,mutual_info,0:04:34.227409,0:04:35.745435,nci9
0.0021,0.0001,0.0034,0.0001,15.0,9.13,41.67,9.99,KNeighbors,53,53,KBest,mutual_info,0:04:34.227409,0:04:35.745435,nci9
0.0145,0.0009,0.002,0.0,18.33,10.870000000000001,76.67,1.7399999999999998,LinearSVC,53,53,KBest,mutual_info,0:04:34.227409,0:04:35.745435,nci9
0.139,0.0002,0.0086,0.0001,25.0,10.209999999999999,76.67,1.7399999999999998,RandomForest,53,53,KBest,mutual_info,0:04:34.227409,0:04:35.745435,nci9
0.0797,0.0028,0.0119,0.0001,26.669999999999998,6.97,57.08,4.32,XGB,53,53,KBest,mutual_info,0:04:34.227409,0:04:35.745435,nci9
0.1184,0.0003,0.0024,0.0001,21.67,12.64,76.67,1.7399999999999998,MLP,53,53,KBest,mutual_info,0:04:34.227409,0:04:35.745435,nci9
0.0026,0.0,0.0023,0.0,26.669999999999998,14.91,68.33,2.7199999999999998,GaussianNB,53,53,KBest,mutual_info,0:04:34.227409,0:04:35.745435,nci9
0.0021,0.0001,0.0034,0.0001,15.0,9.13,41.67,9.99,KNeighbors,54,54,KBest,mutual_info,0:04:34.227409,0:04:35.745435,nci9
0.0153,0.0018,0.002,0.0,18.33,10.870000000000001,76.67,1.7399999999999998,LinearSVC,54,54,KBest,mutual_info,0:04:34.227409,0:04:35.745435,nci9
0.1388,0.0005,0.0086,0.0001,25.0,10.209999999999999,76.67,1.7399999999999998,RandomForest,54,54,KBest,mutual_info,0:04:34.227409,0:04:35.745435,nci9
0.0796,0.0008,0.0121,0.0001,26.669999999999998,6.97,57.08,4.32,XGB,54,54,KBest,mutual_info,0:04:34.227409,0:04:35.745435,nci9
0.1197,0.0004,0.0024,0.0001,26.669999999999998,13.69,76.67,1.7399999999999998,MLP,54,54,KBest,mutual_info,0:04:34.227409,0:04:35.745435,nci9
0.0026,0.0,0.0023,0.0,25.0,16.669999999999998,67.92,2.3800000000000003,GaussianNB,54,54,KBest,mutual_info,0:04:34.227409,0:04:35.745435,nci9
0.0021,0.0001,0.0034,0.0001,15.0,9.13,41.67,9.99,KNeighbors,55,55,KBest,mutual_info,0:04:34.227409,0:04:35.745435,nci9
0.0156,0.0012,0.002,0.0,18.33,10.870000000000001,76.67,1.7399999999999998,LinearSVC,55,55,KBest,mutual_info,0:04:34.227409,0:04:35.745435,nci9
0.1389,0.0001,0.0086,0.0,23.330000000000002,9.13,76.67,1.7399999999999998,RandomForest,55,55,KBest,mutual_info,0:04:34.227409,0:04:35.745435,nci9
0.0803,0.0015,0.0123,0.0,26.669999999999998,6.97,57.08,4.32,XGB,55,55,KBest,mutual_info,0:04:34.227409,0:04:35.745435,nci9
0.1205,0.0008,0.0025,0.0,18.33,12.36,76.67,1.7399999999999998,MLP,55,55,KBest,mutual_info,0:04:34.227409,0:04:35.745435,nci9
0.0026,0.0,0.0023,0.0,25.0,16.669999999999998,68.33,2.7199999999999998,GaussianNB,55,55,KBest,mutual_info,0:04:34.227409,0:04:35.745435,nci9
0.0021,0.0001,0.0034,0.0001,13.33,7.449999999999999,43.33,8.39,KNeighbors,56,56,KBest,mutual_info,0:04:34.227409,0:04:35.745435,nci9
0.0155,0.0013,0.002,0.0,21.67,12.64,77.5,1.7399999999999998,LinearSVC,56,56,KBest,mutual_info,0:04:34.227409,0:04:35.745435,nci9
0.1387,0.0002,0.0087,0.0001,21.67,7.449999999999999,77.5,1.7399999999999998,RandomForest,56,56,KBest,mutual_info,0:04:34.227409,0:04:35.745435,nci9
0.0804,0.0013,0.0125,0.0002,26.669999999999998,6.97,57.08,4.32,XGB,56,56,KBest,mutual_info,0:04:34.227409,0:04:35.745435,nci9
0.1204,0.0007,0.0025,0.0,20.0,17.28,77.5,1.7399999999999998,MLP,56,56,KBest,mutual_info,0:04:34.227409,0:04:35.745435,nci9
0.0026,0.0,0.0023,0.0,25.0,16.669999999999998,70.0,3.16,GaussianNB,56,56,KBest,mutual_info,0:04:34.227409,0:04:35.745435,nci9
0.0021,0.0001,0.0034,0.0001,13.33,7.449999999999999,43.33,8.39,KNeighbors,57,57,KBest,mutual_info,0:04:34.227409,0:04:35.745435,nci9
0.016,0.0014,0.002,0.0,21.67,12.64,77.5,1.7399999999999998,LinearSVC,57,57,KBest,mutual_info,0:04:34.227409,0:04:35.745435,nci9
0.139,0.0003,0.0086,0.0001,21.67,9.5,77.5,1.7399999999999998,RandomForest,57,57,KBest,mutual_info,0:04:34.227409,0:04:35.745435,nci9
0.0812,0.0013,0.0127,0.0002,26.669999999999998,6.97,57.08,4.32,XGB,57,57,KBest,mutual_info,0:04:34.227409,0:04:35.745435,nci9
0.1212,0.0005,0.0025,0.0,18.33,13.69,77.5,1.7399999999999998,MLP,57,57,KBest,mutual_info,0:04:34.227409,0:04:35.745435,nci9
0.0026,0.0,0.0023,0.0,25.0,16.669999999999998,70.0,3.16,GaussianNB,57,57,KBest,mutual_info,0:04:34.227409,0:04:35.745435,nci9
0.0021,0.0001,0.0036,0.0,13.33,7.449999999999999,42.5,8.67,KNeighbors,58,58,KBest,mutual_info,0:04:34.227409,0:04:35.745435,nci9
0.0166,0.0014,0.0022,0.0001,18.33,9.13,77.5,1.7399999999999998,LinearSVC,58,58,KBest,mutual_info,0:04:34.227409,0:04:35.745435,nci9
0.1393,0.0003,0.0088,0.0,23.330000000000002,10.870000000000001,77.5,1.7399999999999998,RandomForest,58,58,KBest,mutual_info,0:04:34.227409,0:04:35.745435,nci9
0.0829,0.0017,0.0129,0.0002,26.669999999999998,6.97,57.08,4.32,XGB,58,58,KBest,mutual_info,0:04:34.227409,0:04:35.745435,nci9
0.1216,0.0005,0.0026,0.0001,20.0,13.94,77.5,1.7399999999999998,MLP,58,58,KBest,mutual_info,0:04:34.227409,0:04:35.745435,nci9
0.0027,0.0001,0.0025,0.0,25.0,16.669999999999998,69.58,2.3800000000000003,GaussianNB,58,58,KBest,mutual_info,0:04:34.227409,0:04:35.745435,nci9
0.0022,0.0001,0.0036,0.0001,13.33,7.449999999999999,42.5,8.67,KNeighbors,59,59,KBest,mutual_info,0:04:34.227409,0:04:35.745435,nci9
0.0174,0.0021,0.0022,0.0,18.33,9.13,77.5,1.7399999999999998,LinearSVC,59,59,KBest,mutual_info,0:04:34.227409,0:04:35.745435,nci9
0.139,0.0004,0.0088,0.0001,23.330000000000002,10.870000000000001,77.5,1.7399999999999998,RandomForest,59,59,KBest,mutual_info,0:04:34.227409,0:04:35.745435,nci9
0.0828,0.0017,0.013,0.0002,26.669999999999998,6.97,57.08,4.32,XGB,59,59,KBest,mutual_info,0:04:34.227409,0:04:35.745435,nci9
0.1217,0.0004,0.0026,0.0,16.669999999999998,11.790000000000001,77.5,1.7399999999999998,MLP,59,59,KBest,mutual_info,0:04:34.227409,0:04:35.745435,nci9
0.0027,0.0001,0.0025,0.0,25.0,16.669999999999998,69.58,2.3800000000000003,GaussianNB,59,59,KBest,mutual_info,0:04:34.227409,0:04:35.745435,nci9
0.0022,0.0001,0.0036,0.0,15.0,6.97,34.58,4.06,KNeighbors,60,60,KBest,mutual_info,0:04:34.227409,0:04:35.745435,nci9
0.0167,0.0022,0.0023,0.0001,16.669999999999998,10.209999999999999,79.17,1.47,LinearSVC,60,60,KBest,mutual_info,0:04:34.227409,0:04:35.745435,nci9
0.1392,0.0002,0.0088,0.0001,21.67,7.449999999999999,79.17,1.47,RandomForest,60,60,KBest,mutual_info,0:04:34.227409,0:04:35.745435,nci9
0.0834,0.0017,0.0132,0.0002,26.669999999999998,6.97,57.08,4.32,XGB,60,60,KBest,mutual_info,0:04:34.227409,0:04:35.745435,nci9
0.1226,0.0004,0.0026,0.0001,21.67,22.52,79.17,1.47,MLP,60,60,KBest,mutual_info,0:04:34.227409,0:04:35.745435,nci9
0.0027,0.0001,0.0024,0.0001,25.0,16.669999999999998,69.58,2.3800000000000003,GaussianNB,60,60,KBest,mutual_info,0:04:34.227409,0:04:35.745435,nci9
0.0022,0.0001,0.0036,0.0001,15.0,6.97,35.42,4.42,KNeighbors,61,61,KBest,mutual_info,0:04:34.227409,0:04:35.745435,nci9
0.0175,0.0015,0.0021,0.0001,18.33,9.13,79.17,1.47,LinearSVC,61,61,KBest,mutual_info,0:04:34.227409,0:04:35.745435,nci9
0.1389,0.0002,0.0088,0.0001,21.67,4.5600000000000005,79.17,1.47,RandomForest,61,61,KBest,mutual_info,0:04:34.227409,0:04:35.745435,nci9
0.0834,0.0013,0.0134,0.0002,26.669999999999998,6.97,57.08,4.32,XGB,61,61,KBest,mutual_info,0:04:34.227409,0:04:35.745435,nci9
0.122,0.0004,0.0026,0.0,20.0,12.64,79.17,1.47,MLP,61,61,KBest,mutual_info,0:04:34.227409,0:04:35.745435,nci9
0.0028,0.0,0.0025,0.0,25.0,16.669999999999998,70.42,1.7399999999999998,GaussianNB,61,61,KBest,mutual_info,0:04:34.227409,0:04:35.745435,nci9
0.0022,0.0001,0.0036,0.0001,15.0,6.97,33.75,5.59,KNeighbors,62,62,KBest,mutual_info,0:04:34.227409,0:04:35.745435,nci9
0.0177,0.0018,0.0022,0.0,18.33,9.13,79.17,1.47,LinearSVC,62,62,KBest,mutual_info,0:04:34.227409,0:04:35.745435,nci9
0.1394,0.0003,0.0088,0.0001,25.0,13.18,79.17,1.47,RandomForest,62,62,KBest,mutual_info,0:04:34.227409,0:04:35.745435,nci9
0.0838,0.0012,0.0135,0.0003,26.669999999999998,6.97,57.08,4.32,XGB,62,62,KBest,mutual_info,0:04:34.227409,0:04:35.745435,nci9
0.1222,0.0002,0.0026,0.0001,20.0,9.5,79.17,1.47,MLP,62,62,KBest,mutual_info,0:04:34.227409,0:04:35.745435,nci9
0.0027,0.0001,0.0025,0.0001,25.0,16.669999999999998,70.42,1.7399999999999998,GaussianNB,62,62,KBest,mutual_info,0:04:34.227409,0:04:35.745435,nci9
0.0022,0.0001,0.0036,0.0001,15.0,6.97,33.75,5.59,KNeighbors,63,63,KBest,mutual_info,0:04:34.227409,0:04:35.745435,nci9
0.0178,0.0007,0.0022,0.0,16.669999999999998,5.89,79.17,1.47,LinearSVC,63,63,KBest,mutual_info,0:04:34.227409,0:04:35.745435,nci9
0.1393,0.0003,0.0089,0.0,21.67,9.5,79.17,1.47,RandomForest,63,63,KBest,mutual_info,0:04:34.227409,0:04:35.745435,nci9
0.0846,0.0012,0.0137,0.0003,26.669999999999998,6.97,57.08,4.32,XGB,63,63,KBest,mutual_info,0:04:34.227409,0:04:35.745435,nci9
0.1219,0.0004,0.0026,0.0,16.669999999999998,8.33,79.17,1.47,MLP,63,63,KBest,mutual_info,0:04:34.227409,0:04:35.745435,nci9
0.0027,0.0001,0.0025,0.0,25.0,16.669999999999998,70.42,1.7399999999999998,GaussianNB,63,63,KBest,mutual_info,0:04:34.227409,0:04:35.745435,nci9
0.0022,0.0,0.0036,0.0001,15.0,6.97,35.0,5.390000000000001,KNeighbors,64,64,KBest,mutual_info,0:04:34.227409,0:04:35.745435,nci9
0.0162,0.0022,0.0022,0.0,21.67,11.18,82.5,1.1400000000000001,LinearSVC,64,64,KBest,mutual_info,0:04:34.227409,0:04:35.745435,nci9
0.1397,0.0003,0.0089,0.0001,25.0,10.209999999999999,82.5,1.1400000000000001,RandomForest,64,64,KBest,mutual_info,0:04:34.227409,0:04:35.745435,nci9
0.0862,0.0012,0.0139,0.0003,28.33,4.5600000000000005,58.330000000000005,4.66,XGB,64,64,KBest,mutual_info,0:04:34.227409,0:04:35.745435,nci9
0.1236,0.0004,0.0027,0.0,20.0,13.94,82.5,1.1400000000000001,MLP,64,64,KBest,mutual_info,0:04:34.227409,0:04:35.745435,nci9
0.0028,0.0,0.0025,0.0,28.33,17.28,74.58,1.7399999999999998,GaussianNB,64,64,KBest,mutual_info,0:04:34.227409,0:04:35.745435,nci9
0.0022,0.0001,0.0036,0.0001,15.0,6.97,35.83,4.75,KNeighbors,65,65,KBest,mutual_info,0:04:34.227409,0:04:35.745435,nci9
0.016,0.0028,0.0022,0.0,25.0,8.33,82.5,1.1400000000000001,LinearSVC,65,65,KBest,mutual_info,0:04:34.227409,0:04:35.745435,nci9
0.1399,0.0005,0.0089,0.0,26.669999999999998,10.870000000000001,82.5,1.1400000000000001,RandomForest,65,65,KBest,mutual_info,0:04:34.227409,0:04:35.745435,nci9
0.087,0.0013,0.014,0.0003,28.33,4.5600000000000005,58.330000000000005,4.66,XGB,65,65,KBest,mutual_info,0:04:34.227409,0:04:35.745435,nci9
0.1236,0.0003,0.0027,0.0,26.669999999999998,13.69,82.5,1.1400000000000001,MLP,65,65,KBest,mutual_info,0:04:34.227409,0:04:35.745435,nci9
0.0028,0.0,0.0025,0.0,30.0,15.14,74.58,1.7399999999999998,GaussianNB,65,65,KBest,mutual_info,0:04:34.227409,0:04:35.745435,nci9
0.0022,0.0001,0.0036,0.0001,15.0,6.97,35.83,4.75,KNeighbors,66,66,KBest,mutual_info,0:04:34.227409,0:04:35.745435,nci9
0.016,0.0018,0.0022,0.0,23.330000000000002,9.13,82.5,1.1400000000000001,LinearSVC,66,66,KBest,mutual_info,0:04:34.227409,0:04:35.745435,nci9
0.1394,0.0003,0.0089,0.0,25.0,10.209999999999999,82.5,1.1400000000000001,RandomForest,66,66,KBest,mutual_info,0:04:34.227409,0:04:35.745435,nci9
0.0876,0.0014,0.0143,0.0002,28.33,4.5600000000000005,58.330000000000005,4.66,XGB,66,66,KBest,mutual_info,0:04:34.227409,0:04:35.745435,nci9
0.1236,0.0003,0.0027,0.0,25.0,10.209999999999999,82.5,1.1400000000000001,MLP,66,66,KBest,mutual_info,0:04:34.227409,0:04:35.745435,nci9
0.0028,0.0,0.0025,0.0,30.0,15.14,74.58,1.7399999999999998,GaussianNB,66,66,KBest,mutual_info,0:04:34.227409,0:04:35.745435,nci9
0.0022,0.0001,0.0036,0.0001,18.33,6.97,37.08,4.01,KNeighbors,67,67,KBest,mutual_info,0:04:34.227409,0:04:35.745435,nci9
0.0154,0.0014,0.0023,0.0,25.0,8.33,84.17,1.1400000000000001,LinearSVC,67,67,KBest,mutual_info,0:04:34.227409,0:04:35.745435,nci9
0.1398,0.0004,0.0089,0.0,28.33,13.94,84.17,1.1400000000000001,RandomForest,67,67,KBest,mutual_info,0:04:34.227409,0:04:35.745435,nci9
0.087,0.0014,0.0144,0.0002,28.33,4.5600000000000005,59.17,1.8599999999999999,XGB,67,67,KBest,mutual_info,0:04:34.227409,0:04:35.745435,nci9
0.125,0.0002,0.0027,0.0,31.669999999999998,14.91,84.17,1.1400000000000001,MLP,67,67,KBest,mutual_info,0:04:34.227409,0:04:35.745435,nci9
0.0028,0.0,0.0025,0.0,31.669999999999998,13.69,77.08,1.47,GaussianNB,67,67,KBest,mutual_info,0:04:34.227409,0:04:35.745435,nci9
0.0022,0.0001,0.0036,0.0001,15.0,3.73,35.0,4.01,KNeighbors,68,68,KBest,mutual_info,0:04:34.227409,0:04:35.745435,nci9
0.0162,0.0017,0.0023,0.0,25.0,8.33,84.17,1.1400000000000001,LinearSVC,68,68,KBest,mutual_info,0:04:34.227409,0:04:35.745435,nci9
0.1402,0.0004,0.0089,0.0,23.330000000000002,6.97,84.17,1.1400000000000001,RandomForest,68,68,KBest,mutual_info,0:04:34.227409,0:04:35.745435,nci9
0.0875,0.0013,0.0146,0.0003,25.0,5.89,59.17,1.8599999999999999,XGB,68,68,KBest,mutual_info,0:04:34.227409,0:04:35.745435,nci9
0.1256,0.0003,0.0027,0.0,31.669999999999998,12.36,84.17,1.1400000000000001,MLP,68,68,KBest,mutual_info,0:04:34.227409,0:04:35.745435,nci9
0.0028,0.0,0.0025,0.0,31.669999999999998,13.69,78.75,0.9299999999999999,GaussianNB,68,68,KBest,mutual_info,0:04:34.227409,0:04:35.745435,nci9
0.0022,0.0001,0.0037,0.0001,16.669999999999998,5.89,34.58,4.06,KNeighbors,69,69,KBest,mutual_info,0:04:34.227409,0:04:35.745435,nci9
0.0171,0.0023,0.0023,0.0,25.0,8.33,84.17,1.1400000000000001,LinearSVC,69,69,KBest,mutual_info,0:04:34.227409,0:04:35.745435,nci9
0.1396,0.0002,0.0089,0.0,26.669999999999998,6.97,84.17,1.1400000000000001,RandomForest,69,69,KBest,mutual_info,0:04:34.227409,0:04:35.745435,nci9
0.0883,0.0016,0.0147,0.0003,25.0,5.89,60.0,3.09,XGB,69,69,KBest,mutual_info,0:04:34.227409,0:04:35.745435,nci9
0.1264,0.0002,0.0027,0.0,28.33,9.5,84.17,1.1400000000000001,MLP,69,69,KBest,mutual_info,0:04:34.227409,0:04:35.745435,nci9
0.0028,0.0,0.0025,0.0,30.0,16.24,77.92,1.1400000000000001,GaussianNB,69,69,KBest,mutual_info,0:04:34.227409,0:04:35.745435,nci9
0.0022,0.0001,0.0037,0.0001,16.669999999999998,5.89,34.58,5.0200000000000005,KNeighbors,70,70,KBest,mutual_info,0:04:34.227409,0:04:35.745435,nci9
0.017,0.0012,0.0023,0.0,25.0,8.33,84.17,1.1400000000000001,LinearSVC,70,70,KBest,mutual_info,0:04:34.227409,0:04:35.745435,nci9
0.1402,0.0003,0.0089,0.0,28.33,9.5,84.17,1.1400000000000001,RandomForest,70,70,KBest,mutual_info,0:04:34.227409,0:04:35.745435,nci9
0.0886,0.0013,0.0149,0.0002,25.0,5.89,60.0,3.09,XGB,70,70,KBest,mutual_info,0:04:34.227409,0:04:35.745435,nci9
0.1263,0.0003,0.0027,0.0001,26.669999999999998,6.97,84.17,1.1400000000000001,MLP,70,70,KBest,mutual_info,0:04:34.227409,0:04:35.745435,nci9
0.0028,0.0,0.0025,0.0,30.0,16.24,77.92,1.1400000000000001,GaussianNB,70,70,KBest,mutual_info,0:04:34.227409,0:04:35.745435,nci9
0.0023,0.0001,0.0037,0.0001,16.669999999999998,5.89,33.75,4.01,KNeighbors,71,71,KBest,mutual_info,0:04:34.227409,0:04:35.745435,nci9
0.018,0.0016,0.0023,0.0,25.0,10.209999999999999,84.17,1.1400000000000001,LinearSVC,71,71,KBest,mutual_info,0:04:34.227409,0:04:35.745435,nci9
0.1395,0.0003,0.0089,0.0,30.0,7.449999999999999,84.17,1.1400000000000001,RandomForest,71,71,KBest,mutual_info,0:04:34.227409,0:04:35.745435,nci9
0.0901,0.0011,0.0151,0.0002,25.0,5.89,60.0,3.09,XGB,71,71,KBest,mutual_info,0:04:34.227409,0:04:35.745435,nci9
0.1264,0.0002,0.0027,0.0,35.0,6.97,84.17,1.1400000000000001,MLP,71,71,KBest,mutual_info,0:04:34.227409,0:04:35.745435,nci9
0.0028,0.0,0.0026,0.0,30.0,16.24,77.92,1.1400000000000001,GaussianNB,71,71,KBest,mutual_info,0:04:34.227409,0:04:35.745435,nci9
0.0023,0.0001,0.0037,0.0001,25.0,5.89,40.42,5.43,KNeighbors,72,72,KBest,mutual_info,0:04:34.227409,0:04:35.745435,nci9
0.0161,0.0021,0.0022,0.0001,36.67,7.449999999999999,89.17,0.9299999999999999,LinearSVC,72,72,KBest,mutual_info,0:04:34.227409,0:04:35.745435,nci9
0.14,0.0003,0.0089,0.0,40.0,10.870000000000001,91.67,1.47,RandomForest,72,72,KBest,mutual_info,0:04:34.227409,0:04:35.745435,nci9
0.0977,0.0026,0.0152,0.0002,41.67,10.209999999999999,74.17,3.49,XGB,72,72,KBest,mutual_info,0:04:34.227409,0:04:35.745435,nci9
0.1269,0.0003,0.0027,0.0,43.33,9.13,91.67,1.47,MLP,72,72,KBest,mutual_info,0:04:34.227409,0:04:35.745435,nci9
0.0028,0.0,0.0026,0.0,33.33,17.68,82.5,2.8000000000000003,GaussianNB,72,72,KBest,mutual_info,0:04:34.227409,0:04:35.745435,nci9
0.0023,0.0001,0.0037,0.0001,25.0,5.89,39.17,5.390000000000001,KNeighbors,73,73,KBest,mutual_info,0:04:34.227409,0:04:35.745435,nci9
0.0172,0.0026,0.0023,0.0001,36.67,7.449999999999999,89.17,0.9299999999999999,LinearSVC,73,73,KBest,mutual_info,0:04:34.227409,0:04:35.745435,nci9
0.1403,0.0001,0.0089,0.0,43.33,10.870000000000001,91.67,1.47,RandomForest,73,73,KBest,mutual_info,0:04:34.227409,0:04:35.745435,nci9
0.0944,0.0013,0.0153,0.0001,41.67,10.209999999999999,73.75,2.8000000000000003,XGB,73,73,KBest,mutual_info,0:04:34.227409,0:04:35.745435,nci9
0.1274,0.0003,0.0027,0.0,40.0,10.870000000000001,91.67,1.47,MLP,73,73,KBest,mutual_info,0:04:34.227409,0:04:35.745435,nci9
0.0029,0.0,0.0026,0.0,33.33,16.669999999999998,81.67,4.2700000000000005,GaussianNB,73,73,KBest,mutual_info,0:04:34.227409,0:04:35.745435,nci9
0.0023,0.0001,0.0037,0.0001,25.0,5.89,38.33,5.0200000000000005,KNeighbors,74,74,KBest,mutual_info,0:04:34.227409,0:04:35.745435,nci9
0.0174,0.0026,0.0023,0.0,36.67,7.449999999999999,89.17,0.9299999999999999,LinearSVC,74,74,KBest,mutual_info,0:04:34.227409,0:04:35.745435,nci9
0.1399,0.0002,0.0089,0.0,41.67,8.33,91.67,1.47,RandomForest,74,74,KBest,mutual_info,0:04:34.227409,0:04:35.745435,nci9
0.0948,0.0012,0.0156,0.0003,41.67,10.209999999999999,73.75,2.8000000000000003,XGB,74,74,KBest,mutual_info,0:04:34.227409,0:04:35.745435,nci9
0.1272,0.0002,0.0028,0.0,40.0,12.36,91.67,1.47,MLP,74,74,KBest,mutual_info,0:04:34.227409,0:04:35.745435,nci9
0.0029,0.0,0.0026,0.0,33.33,16.669999999999998,81.67,4.2700000000000005,GaussianNB,74,74,KBest,mutual_info,0:04:34.227409,0:04:35.745435,nci9
0.0023,0.0001,0.0037,0.0001,25.0,5.89,38.33,5.0200000000000005,KNeighbors,75,75,KBest,mutual_info,0:04:34.227409,0:04:35.745435,nci9
0.0183,0.004,0.0023,0.0001,36.67,7.449999999999999,89.17,0.9299999999999999,LinearSVC,75,75,KBest,mutual_info,0:04:34.227409,0:04:35.745435,nci9
0.1404,0.0003,0.0089,0.0,43.33,18.07,91.67,1.47,RandomForest,75,75,KBest,mutual_info,0:04:34.227409,0:04:35.745435,nci9
0.0959,0.002,0.0157,0.0003,41.67,10.209999999999999,73.75,2.8000000000000003,XGB,75,75,KBest,mutual_info,0:04:34.227409,0:04:35.745435,nci9
0.1282,0.0002,0.0027,0.0,41.67,11.790000000000001,91.67,1.47,MLP,75,75,KBest,mutual_info,0:04:34.227409,0:04:35.745435,nci9
0.0028,0.0,0.0026,0.0,35.0,16.03,81.67,4.2700000000000005,GaussianNB,75,75,KBest,mutual_info,0:04:34.227409,0:04:35.745435,nci9
0.0023,0.0001,0.0037,0.0001,23.330000000000002,6.97,37.5,5.510000000000001,KNeighbors,76,76,KBest,mutual_info,0:04:34.227409,0:04:35.745435,nci9
0.0165,0.0023,0.0023,0.0001,35.0,6.97,89.17,0.9299999999999999,LinearSVC,76,76,KBest,mutual_info,0:04:34.227409,0:04:35.745435,nci9
0.1397,0.0002,0.0089,0.0,41.67,10.209999999999999,91.67,1.47,RandomForest,76,76,KBest,mutual_info,0:04:34.227409,0:04:35.745435,nci9
0.0949,0.0013,0.0159,0.0003,41.67,10.209999999999999,73.75,2.8000000000000003,XGB,76,76,KBest,mutual_info,0:04:34.227409,0:04:35.745435,nci9
0.1287,0.0002,0.0028,0.0,40.0,16.03,91.67,1.47,MLP,76,76,KBest,mutual_info,0:04:34.227409,0:04:35.745435,nci9
0.0029,0.0,0.0026,0.0,35.0,16.03,81.67,4.2700000000000005,GaussianNB,76,76,KBest,mutual_info,0:04:34.227409,0:04:35.745435,nci9
0.0023,0.0001,0.0037,0.0001,23.330000000000002,6.97,37.92,5.19,KNeighbors,77,77,KBest,mutual_info,0:04:34.227409,0:04:35.745435,nci9
0.0169,0.0022,0.0023,0.0001,36.67,9.5,89.17,0.9299999999999999,LinearSVC,77,77,KBest,mutual_info,0:04:34.227409,0:04:35.745435,nci9
0.1402,0.0001,0.009,0.0001,38.33,4.5600000000000005,91.67,1.47,RandomForest,77,77,KBest,mutual_info,0:04:34.227409,0:04:35.745435,nci9
0.0963,0.0012,0.0161,0.0003,41.67,10.209999999999999,73.75,2.8000000000000003,XGB,77,77,KBest,mutual_info,0:04:34.227409,0:04:35.745435,nci9
0.1292,0.0003,0.0028,0.0,41.67,15.590000000000002,91.67,1.47,MLP,77,77,KBest,mutual_info,0:04:34.227409,0:04:35.745435,nci9
0.0029,0.0,0.0026,0.0,36.67,17.28,81.67,4.2700000000000005,GaussianNB,77,77,KBest,mutual_info,0:04:34.227409,0:04:35.745435,nci9
0.0023,0.0001,0.0037,0.0001,23.330000000000002,6.97,38.75,6.0,KNeighbors,78,78,KBest,mutual_info,0:04:34.227409,0:04:35.745435,nci9
0.0138,0.0009,0.0023,0.0,36.67,9.5,89.17,0.9299999999999999,LinearSVC,78,78,KBest,mutual_info,0:04:34.227409,0:04:35.745435,nci9
0.1404,0.0002,0.009,0.0,40.0,6.97,91.67,1.47,RandomForest,78,78,KBest,mutual_info,0:04:34.227409,0:04:35.745435,nci9
0.097,0.0014,0.0161,0.0001,41.67,10.209999999999999,73.75,2.8000000000000003,XGB,78,78,KBest,mutual_info,0:04:34.227409,0:04:35.745435,nci9
0.1303,0.0002,0.0028,0.0,41.67,0.0,91.67,1.47,MLP,78,78,KBest,mutual_info,0:04:34.227409,0:04:35.745435,nci9
0.0029,0.0001,0.0026,0.0,40.0,14.91,81.67,4.2700000000000005,GaussianNB,78,78,KBest,mutual_info,0:04:34.227409,0:04:35.745435,nci9
0.0023,0.0001,0.0037,0.0001,23.330000000000002,6.97,38.75,5.2299999999999995,KNeighbors,79,79,KBest,mutual_info,0:04:34.227409,0:04:35.745435,nci9
0.0139,0.0011,0.0022,0.0,36.67,9.5,89.17,0.9299999999999999,LinearSVC,79,79,KBest,mutual_info,0:04:34.227409,0:04:35.745435,nci9
0.1401,0.0002,0.009,0.0,41.67,5.89,91.67,1.47,RandomForest,79,79,KBest,mutual_info,0:04:34.227409,0:04:35.745435,nci9
0.0981,0.0016,0.0164,0.0002,41.67,10.209999999999999,73.75,2.8000000000000003,XGB,79,79,KBest,mutual_info,0:04:34.227409,0:04:35.745435,nci9
0.1303,0.0002,0.0028,0.0,40.0,19.0,91.67,1.47,MLP,79,79,KBest,mutual_info,0:04:34.227409,0:04:35.745435,nci9
0.0029,0.0001,0.0026,0.0,36.67,12.64,81.25,3.9,GaussianNB,79,79,KBest,mutual_info,0:04:34.227409,0:04:35.745435,nci9
0.0023,0.0001,0.0037,0.0001,21.67,7.449999999999999,41.25,4.75,KNeighbors,80,80,KBest,mutual_info,0:04:34.227409,0:04:35.745435,nci9
0.0146,0.0011,0.0022,0.0,36.67,9.5,89.58,2.08,LinearSVC,80,80,KBest,mutual_info,0:04:34.227409,0:04:35.745435,nci9
0.1407,0.0002,0.009,0.0,43.33,6.97,91.67,1.47,RandomForest,80,80,KBest,mutual_info,0:04:34.227409,0:04:35.745435,nci9
0.0987,0.0013,0.0165,0.0,43.33,9.13,74.17,2.3800000000000003,XGB,80,80,KBest,mutual_info,0:04:34.227409,0:04:35.745435,nci9
0.1308,0.0002,0.0028,0.0,38.33,7.449999999999999,91.25,0.9299999999999999,MLP,80,80,KBest,mutual_info,0:04:34.227409,0:04:35.745435,nci9
0.0029,0.0,0.0026,0.0,35.0,12.36,81.67,3.73,GaussianNB,80,80,KBest,mutual_info,0:04:34.227409,0:04:35.745435,nci9
0.0023,0.0001,0.0037,0.0001,21.67,7.449999999999999,39.58,4.42,KNeighbors,81,81,KBest,mutual_info,0:04:34.227409,0:04:35.745435,nci9
0.0148,0.0012,0.0022,0.0,38.33,11.18,89.58,2.08,LinearSVC,81,81,KBest,mutual_info,0:04:34.227409,0:04:35.745435,nci9
0.1403,0.0003,0.009,0.0,38.33,7.449999999999999,91.67,1.47,RandomForest,81,81,KBest,mutual_info,0:04:34.227409,0:04:35.745435,nci9
0.0991,0.0013,0.0166,0.0,43.33,9.13,74.17,2.3800000000000003,XGB,81,81,KBest,mutual_info,0:04:34.227409,0:04:35.745435,nci9
0.1303,0.0005,0.0028,0.0,36.67,9.5,91.25,0.9299999999999999,MLP,81,81,KBest,mutual_info,0:04:34.227409,0:04:35.745435,nci9
0.0029,0.0,0.0026,0.0,35.0,12.36,82.5,3.49,GaussianNB,81,81,KBest,mutual_info,0:04:34.227409,0:04:35.745435,nci9
0.0023,0.0001,0.0037,0.0001,21.67,7.449999999999999,40.83,3.7800000000000002,KNeighbors,82,82,KBest,mutual_info,0:04:34.227409,0:04:35.745435,nci9
0.0149,0.0011,0.0022,0.0,36.67,12.64,89.58,2.08,LinearSVC,82,82,KBest,mutual_info,0:04:34.227409,0:04:35.745435,nci9
0.1411,0.0002,0.009,0.0,45.0,13.94,91.67,1.47,RandomForest,82,82,KBest,mutual_info,0:04:34.227409,0:04:35.745435,nci9
0.0998,0.0011,0.0169,0.0001,43.33,9.13,74.58,1.7399999999999998,XGB,82,82,KBest,mutual_info,0:04:34.227409,0:04:35.745435,nci9
0.1307,0.0002,0.0028,0.0,33.33,10.209999999999999,91.25,0.9299999999999999,MLP,82,82,KBest,mutual_info,0:04:34.227409,0:04:35.745435,nci9
0.0029,0.0,0.0026,0.0,35.0,12.36,82.08,3.7800000000000002,GaussianNB,82,82,KBest,mutual_info,0:04:34.227409,0:04:35.745435,nci9
0.0023,0.0001,0.0037,0.0001,21.67,7.449999999999999,40.42,4.5600000000000005,KNeighbors,83,83,KBest,mutual_info,0:04:34.227409,0:04:35.745435,nci9
0.015,0.001,0.0022,0.0,36.67,12.64,89.58,2.08,LinearSVC,83,83,KBest,mutual_info,0:04:34.227409,0:04:35.745435,nci9
0.141,0.0004,0.009,0.0,45.0,11.18,91.67,1.47,RandomForest,83,83,KBest,mutual_info,0:04:34.227409,0:04:35.745435,nci9
0.1007,0.0022,0.0169,0.0,43.33,9.13,74.58,1.7399999999999998,XGB,83,83,KBest,mutual_info,0:04:34.227409,0:04:35.745435,nci9
0.1312,0.0001,0.0028,0.0,40.0,6.97,91.25,0.9299999999999999,MLP,83,83,KBest,mutual_info,0:04:34.227409,0:04:35.745435,nci9
0.0029,0.0,0.0026,0.0,33.33,13.18,82.5,3.49,GaussianNB,83,83,KBest,mutual_info,0:04:34.227409,0:04:35.745435,nci9
0.0023,0.0001,0.0037,0.0001,21.67,7.449999999999999,40.42,4.5600000000000005,KNeighbors,84,84,KBest,mutual_info,0:04:34.227409,0:04:35.745435,nci9
0.015,0.001,0.0022,0.0,36.67,12.64,89.58,2.08,LinearSVC,84,84,KBest,mutual_info,0:04:34.227409,0:04:35.745435,nci9
0.1406,0.0002,0.009,0.0,45.0,11.18,91.67,1.47,RandomForest,84,84,KBest,mutual_info,0:04:34.227409,0:04:35.745435,nci9
0.1014,0.0018,0.0171,0.0,43.33,9.13,74.58,1.7399999999999998,XGB,84,84,KBest,mutual_info,0:04:34.227409,0:04:35.745435,nci9
0.1315,0.0002,0.0028,0.0,31.669999999999998,9.13,91.25,0.9299999999999999,MLP,84,84,KBest,mutual_info,0:04:34.227409,0:04:35.745435,nci9
0.0029,0.0,0.0026,0.0,35.0,16.03,82.5,3.49,GaussianNB,84,84,KBest,mutual_info,0:04:34.227409,0:04:35.745435,nci9
0.0023,0.0001,0.0037,0.0001,21.67,7.449999999999999,40.0,5.390000000000001,KNeighbors,85,85,KBest,mutual_info,0:04:34.227409,0:04:35.745435,nci9
0.0153,0.0011,0.0022,0.0,38.33,15.14,89.58,2.08,LinearSVC,85,85,KBest,mutual_info,0:04:34.227409,0:04:35.745435,nci9
0.141,0.0003,0.009,0.0,45.0,11.18,91.67,1.47,RandomForest,85,85,KBest,mutual_info,0:04:34.227409,0:04:35.745435,nci9
0.1011,0.0014,0.0173,0.0001,45.0,7.449999999999999,75.0,2.08,XGB,85,85,KBest,mutual_info,0:04:34.227409,0:04:35.745435,nci9
0.1323,0.0002,0.0028,0.0,36.67,9.5,91.25,0.9299999999999999,MLP,85,85,KBest,mutual_info,0:04:34.227409,0:04:35.745435,nci9
0.0029,0.0,0.0026,0.0,36.67,15.14,82.08,3.49,GaussianNB,85,85,KBest,mutual_info,0:04:34.227409,0:04:35.745435,nci9
0.0023,0.0001,0.0038,0.0002,20.0,9.5,41.25,5.19,KNeighbors,86,86,KBest,mutual_info,0:04:34.227409,0:04:35.745435,nci9
0.0156,0.0011,0.0022,0.0,35.0,10.870000000000001,89.58,2.08,LinearSVC,86,86,KBest,mutual_info,0:04:34.227409,0:04:35.745435,nci9
0.1403,0.0004,0.009,0.0,46.67,13.94,91.67,1.47,RandomForest,86,86,KBest,mutual_info,0:04:34.227409,0:04:35.745435,nci9
0.1026,0.0024,0.0175,0.0001,45.0,7.449999999999999,75.0,2.08,XGB,86,86,KBest,mutual_info,0:04:34.227409,0:04:35.745435,nci9
0.1321,0.0003,0.0028,0.0,30.0,7.449999999999999,91.25,0.9299999999999999,MLP,86,86,KBest,mutual_info,0:04:34.227409,0:04:35.745435,nci9
0.0029,0.0,0.0026,0.0,33.33,17.68,83.75,4.01,GaussianNB,86,86,KBest,mutual_info,0:04:34.227409,0:04:35.745435,nci9
0.0023,0.0001,0.0038,0.0001,21.67,7.449999999999999,42.08,3.73,KNeighbors,87,87,KBest,mutual_info,0:04:34.227409,0:04:35.745435,nci9
0.0151,0.0009,0.0022,0.0,38.33,15.14,89.58,2.08,LinearSVC,87,87,KBest,mutual_info,0:04:34.227409,0:04:35.745435,nci9
0.1407,0.0004,0.009,0.0,48.33,12.36,91.67,1.47,RandomForest,87,87,KBest,mutual_info,0:04:34.227409,0:04:35.745435,nci9
0.1023,0.002,0.0176,0.0,48.33,10.870000000000001,75.42,2.7199999999999998,XGB,87,87,KBest,mutual_info,0:04:34.227409,0:04:35.745435,nci9
0.1311,0.0002,0.0028,0.0,38.33,17.28,91.25,0.9299999999999999,MLP,87,87,KBest,mutual_info,0:04:34.227409,0:04:35.745435,nci9
0.0029,0.0,0.0027,0.0,33.33,17.68,83.75,4.01,GaussianNB,87,87,KBest,mutual_info,0:04:34.227409,0:04:35.745435,nci9
0.0023,0.0001,0.0038,0.0001,20.0,9.5,41.67,4.42,KNeighbors,88,88,KBest,mutual_info,0:04:34.227409,0:04:35.745435,nci9
0.0152,0.001,0.0022,0.0,38.33,15.14,89.58,2.08,LinearSVC,88,88,KBest,mutual_info,0:04:34.227409,0:04:35.745435,nci9
0.1408,0.0002,0.009,0.0,43.33,16.03,91.67,1.47,RandomForest,88,88,KBest,mutual_info,0:04:34.227409,0:04:35.745435,nci9
0.103,0.0018,0.0178,0.0,48.33,10.870000000000001,75.42,2.7199999999999998,XGB,88,88,KBest,mutual_info,0:04:34.227409,0:04:35.745435,nci9
0.1329,0.0003,0.0028,0.0,41.67,13.18,91.25,0.9299999999999999,MLP,88,88,KBest,mutual_info,0:04:34.227409,0:04:35.745435,nci9
0.0029,0.0,0.0027,0.0,33.33,17.68,83.75,4.01,GaussianNB,88,88,KBest,mutual_info,0:04:34.227409,0:04:35.745435,nci9
0.0023,0.0001,0.0038,0.0001,20.0,9.5,41.25,5.19,KNeighbors,89,89,KBest,mutual_info,0:04:34.227409,0:04:35.745435,nci9
0.0157,0.0016,0.0023,0.0,35.0,13.69,89.58,2.08,LinearSVC,89,89,KBest,mutual_info,0:04:34.227409,0:04:35.745435,nci9
0.1404,0.0001,0.009,0.0,45.0,9.5,91.67,1.47,RandomForest,89,89,KBest,mutual_info,0:04:34.227409,0:04:35.745435,nci9
0.1034,0.0018,0.0181,0.0002,48.33,10.870000000000001,75.42,2.7199999999999998,XGB,89,89,KBest,mutual_info,0:04:34.227409,0:04:35.745435,nci9
0.1327,0.0003,0.0028,0.0,35.0,10.870000000000001,91.25,0.9299999999999999,MLP,89,89,KBest,mutual_info,0:04:34.227409,0:04:35.745435,nci9
0.0029,0.0,0.0026,0.0,33.33,17.68,83.75,4.01,GaussianNB,89,89,KBest,mutual_info,0:04:34.227409,0:04:35.745435,nci9
0.0023,0.0001,0.0038,0.0001,20.0,9.5,41.67,4.42,KNeighbors,90,90,KBest,mutual_info,0:04:34.227409,0:04:35.745435,nci9
0.0164,0.0017,0.0022,0.0,38.33,12.64,89.58,2.08,LinearSVC,90,90,KBest,mutual_info,0:04:34.227409,0:04:35.745435,nci9
0.1408,0.0002,0.009,0.0,43.33,21.57,91.67,1.47,RandomForest,90,90,KBest,mutual_info,0:04:34.227409,0:04:35.745435,nci9
0.1042,0.0018,0.0184,0.0006,46.67,12.64,75.0,2.55,XGB,90,90,KBest,mutual_info,0:04:34.227409,0:04:35.745435,nci9
0.1335,0.0001,0.0028,0.0,45.0,9.5,91.25,0.9299999999999999,MLP,90,90,KBest,mutual_info,0:04:34.227409,0:04:35.745435,nci9
0.0029,0.0001,0.0027,0.0,36.67,15.14,83.33,4.89,GaussianNB,90,90,KBest,mutual_info,0:04:34.227409,0:04:35.745435,nci9
0.0024,0.0001,0.0038,0.0001,20.0,9.5,41.25,5.19,KNeighbors,91,91,KBest,mutual_info,0:04:34.227409,0:04:35.745435,nci9
0.0161,0.0013,0.0023,0.0,38.33,12.64,89.58,2.08,LinearSVC,91,91,KBest,mutual_info,0:04:34.227409,0:04:35.745435,nci9
0.141,0.0002,0.0091,0.0,43.33,16.03,91.67,1.47,RandomForest,91,91,KBest,mutual_info,0:04:34.227409,0:04:35.745435,nci9
0.1051,0.0019,0.0184,0.0,46.67,12.64,75.0,2.55,XGB,91,91,KBest,mutual_info,0:04:34.227409,0:04:35.745435,nci9
0.1339,0.0002,0.0028,0.0,43.33,6.97,91.25,0.9299999999999999,MLP,91,91,KBest,mutual_info,0:04:34.227409,0:04:35.745435,nci9
0.0029,0.0,0.0027,0.0,38.33,15.14,83.33,4.89,GaussianNB,91,91,KBest,mutual_info,0:04:34.227409,0:04:35.745435,nci9
0.0024,0.0001,0.0038,0.0001,20.0,9.5,40.83,5.2299999999999995,KNeighbors,92,92,KBest,mutual_info,0:04:34.227409,0:04:35.745435,nci9
0.0166,0.001,0.0023,0.0,36.67,11.18,89.58,2.08,LinearSVC,92,92,KBest,mutual_info,0:04:34.227409,0:04:35.745435,nci9
0.1407,0.0001,0.009,0.0,41.67,11.790000000000001,91.67,1.47,RandomForest,92,92,KBest,mutual_info,0:04:34.227409,0:04:35.745435,nci9
0.1053,0.0017,0.0185,0.0001,46.67,12.64,74.58,1.7399999999999998,XGB,92,92,KBest,mutual_info,0:04:34.227409,0:04:35.745435,nci9
0.1345,0.0002,0.0028,0.0,36.67,9.5,91.25,0.9299999999999999,MLP,92,92,KBest,mutual_info,0:04:34.227409,0:04:35.745435,nci9
0.003,0.0,0.0027,0.0,36.67,15.14,83.33,4.89,GaussianNB,92,92,KBest,mutual_info,0:04:34.227409,0:04:35.745435,nci9
0.0024,0.0001,0.0038,0.0001,20.0,9.5,41.25,5.970000000000001,KNeighbors,93,93,KBest,mutual_info,0:04:34.227409,0:04:35.745435,nci9
0.0169,0.0015,0.0023,0.0,36.67,11.18,89.58,2.08,LinearSVC,93,93,KBest,mutual_info,0:04:34.227409,0:04:35.745435,nci9
0.1408,0.0002,0.009,0.0,41.67,13.18,91.67,1.47,RandomForest,93,93,KBest,mutual_info,0:04:34.227409,0:04:35.745435,nci9
0.1061,0.0016,0.0186,0.0001,45.0,15.14,74.58,1.7399999999999998,XGB,93,93,KBest,mutual_info,0:04:34.227409,0:04:35.745435,nci9
0.135,0.0003,0.0028,0.0,30.0,9.5,91.25,0.9299999999999999,MLP,93,93,KBest,mutual_info,0:04:34.227409,0:04:35.745435,nci9
0.003,0.0,0.0027,0.0,36.67,15.14,83.33,4.89,GaussianNB,93,93,KBest,mutual_info,0:04:34.227409,0:04:35.745435,nci9
0.0024,0.0001,0.0038,0.0001,21.67,7.449999999999999,40.83,5.2299999999999995,KNeighbors,94,94,KBest,mutual_info,0:04:34.227409,0:04:35.745435,nci9
0.0174,0.0015,0.0023,0.0,36.67,15.14,90.42,1.8599999999999999,LinearSVC,94,94,KBest,mutual_info,0:04:34.227409,0:04:35.745435,nci9
0.1406,0.0002,0.009,0.0,43.33,21.57,91.67,1.47,RandomForest,94,94,KBest,mutual_info,0:04:34.227409,0:04:35.745435,nci9
0.1069,0.0013,0.0189,0.0003,45.0,15.14,74.58,1.7399999999999998,XGB,94,94,KBest,mutual_info,0:04:34.227409,0:04:35.745435,nci9
0.1351,0.0003,0.0029,0.0,40.0,13.69,91.25,0.9299999999999999,MLP,94,94,KBest,mutual_info,0:04:34.227409,0:04:35.745435,nci9
0.003,0.0,0.0027,0.0,36.67,15.14,83.33,4.89,GaussianNB,94,94,KBest,mutual_info,0:04:34.227409,0:04:35.745435,nci9
0.0024,0.0001,0.0038,0.0002,21.67,7.449999999999999,41.25,4.2700000000000005,KNeighbors,95,95,KBest,mutual_info,0:04:34.227409,0:04:35.745435,nci9
0.0175,0.0013,0.0023,0.0,35.0,13.69,90.42,1.8599999999999999,LinearSVC,95,95,KBest,mutual_info,0:04:34.227409,0:04:35.745435,nci9
0.1412,0.0002,0.0091,0.0,40.0,16.03,91.67,1.47,RandomForest,95,95,KBest,mutual_info,0:04:34.227409,0:04:35.745435,nci9
0.1072,0.0014,0.0191,0.0003,45.0,15.14,74.58,1.7399999999999998,XGB,95,95,KBest,mutual_info,0:04:34.227409,0:04:35.745435,nci9
0.1352,0.0003,0.0028,0.0,31.669999999999998,12.36,91.25,0.9299999999999999,MLP,95,95,KBest,mutual_info,0:04:34.227409,0:04:35.745435,nci9
0.003,0.0001,0.0027,0.0,36.67,15.14,83.33,4.89,GaussianNB,95,95,KBest,mutual_info,0:04:34.227409,0:04:35.745435,nci9
0.0024,0.0001,0.0038,0.0001,20.0,9.5,42.08,5.19,KNeighbors,96,96,KBest,mutual_info,0:04:34.227409,0:04:35.745435,nci9
0.018,0.0018,0.0023,0.0,36.67,16.24,90.42,1.8599999999999999,LinearSVC,96,96,KBest,mutual_info,0:04:34.227409,0:04:35.745435,nci9
0.141,0.0002,0.009,0.0,46.67,15.14,91.67,1.47,RandomForest,96,96,KBest,mutual_info,0:04:34.227409,0:04:35.745435,nci9
0.1079,0.0012,0.0193,0.0003,45.0,15.14,74.58,1.7399999999999998,XGB,96,96,KBest,mutual_info,0:04:34.227409,0:04:35.745435,nci9
0.1363,0.0001,0.0029,0.0,35.0,10.870000000000001,91.25,0.9299999999999999,MLP,96,96,KBest,mutual_info,0:04:34.227409,0:04:35.745435,nci9
0.003,0.0,0.0027,0.0,40.0,16.03,84.17,5.2299999999999995,GaussianNB,96,96,KBest,mutual_info,0:04:34.227409,0:04:35.745435,nci9
0.0024,0.0001,0.0038,0.0001,18.33,3.73,40.83,6.18,KNeighbors,97,97,KBest,mutual_info,0:04:34.227409,0:04:35.745435,nci9
0.0184,0.0017,0.0023,0.0,36.67,16.24,89.58,2.08,LinearSVC,97,97,KBest,mutual_info,0:04:34.227409,0:04:35.745435,nci9
0.1412,0.0003,0.009,0.0,46.67,13.94,91.67,1.47,RandomForest,97,97,KBest,mutual_info,0:04:34.227409,0:04:35.745435,nci9
0.1091,0.0021,0.0195,0.0003,45.0,15.14,74.58,1.7399999999999998,XGB,97,97,KBest,mutual_info,0:04:34.227409,0:04:35.745435,nci9
0.1372,0.0005,0.0029,0.0,40.0,16.03,91.25,0.9299999999999999,MLP,97,97,KBest,mutual_info,0:04:34.227409,0:04:35.745435,nci9
0.003,0.0,0.0027,0.0,35.0,12.36,83.33,4.89,GaussianNB,97,97,KBest,mutual_info,0:04:34.227409,0:04:35.745435,nci9
0.0024,0.0001,0.0038,0.0001,18.33,3.73,40.83,6.18,KNeighbors,98,98,KBest,mutual_info,0:04:34.227409,0:04:35.745435,nci9
0.0184,0.0016,0.0023,0.0,36.67,16.24,89.58,2.08,LinearSVC,98,98,KBest,mutual_info,0:04:34.227409,0:04:35.745435,nci9
0.1411,0.0002,0.009,0.0,43.33,13.69,91.67,1.47,RandomForest,98,98,KBest,mutual_info,0:04:34.227409,0:04:35.745435,nci9
0.1093,0.0019,0.0197,0.0004,45.0,15.14,74.58,1.7399999999999998,XGB,98,98,KBest,mutual_info,0:04:34.227409,0:04:35.745435,nci9
0.1367,0.0003,0.0029,0.0,36.67,11.18,91.25,0.9299999999999999,MLP,98,98,KBest,mutual_info,0:04:34.227409,0:04:35.745435,nci9
0.003,0.0,0.0027,0.0,35.0,12.36,83.33,4.89,GaussianNB,98,98,KBest,mutual_info,0:04:34.227409,0:04:35.745435,nci9
0.0024,0.0001,0.0038,0.0001,18.33,3.73,40.83,6.18,KNeighbors,99,99,KBest,mutual_info,0:04:34.227409,0:04:35.745435,nci9
0.0184,0.0018,0.0023,0.0,36.67,16.24,89.58,2.08,LinearSVC,99,99,KBest,mutual_info,0:04:34.227409,0:04:35.745435,nci9
0.1408,0.0004,0.0091,0.0001,41.67,16.669999999999998,91.67,1.47,RandomForest,99,99,KBest,mutual_info,0:04:34.227409,0:04:35.745435,nci9
0.1096,0.0014,0.0198,0.0004,45.0,15.14,74.58,1.7399999999999998,XGB,99,99,KBest,mutual_info,0:04:34.227409,0:04:35.745435,nci9
0.138,0.0003,0.0029,0.0,38.33,15.14,91.25,0.9299999999999999,MLP,99,99,KBest,mutual_info,0:04:34.227409,0:04:35.745435,nci9
0.003,0.0,0.0027,0.0,35.0,12.36,83.33,4.89,GaussianNB,99,99,KBest,mutual_info,0:04:34.227409,0:04:35.745435,nci9
0.0024,0.0001,0.0038,0.0001,18.33,3.73,40.83,6.18,KNeighbors,100,100,KBest,mutual_info,0:04:34.227409,0:04:35.745435,nci9
0.019,0.002,0.0023,0.0,35.0,13.69,89.58,2.08,LinearSVC,100,100,KBest,mutual_info,0:04:34.227409,0:04:35.745435,nci9
0.1409,0.0002,0.0091,0.0,41.67,16.669999999999998,91.67,1.47,RandomForest,100,100,KBest,mutual_info,0:04:34.227409,0:04:35.745435,nci9
0.11,0.0013,0.02,0.0004,43.33,14.91,74.58,1.7399999999999998,XGB,100,100,KBest,mutual_info,0:04:34.227409,0:04:35.745435,nci9
0.1385,0.0003,0.0029,0.0,31.669999999999998,6.97,91.25,0.9299999999999999,MLP,100,100,KBest,mutual_info,0:04:34.227409,0:04:35.745435,nci9
0.003,0.0,0.0027,0.0,38.33,13.94,84.17,5.2299999999999995,GaussianNB,100,100,KBest,mutual_info,0:04:34.227409,0:04:35.745435,nci9
